tensor([[[[ 4.5043e-01,  5.1510e-01, -5.6188e-01,  1.3643e-01,  4.0716e-01,
            6.7653e-01, -6.2871e-01,  1.6905e-01,  1.3992e-01,  4.0782e-01,
           -3.4886e-01,  4.4564e-02,  3.7734e-01,  8.5670e-01, -6.5159e-01,
           -4.3709e-01, -5.6478e-02,  2.5189e-01, -1.6858e-01,  8.6479e-02,
            2.8732e-01,  1.0882e+00, -4.1227e-01, -1.0146e+00],
          [ 1.1095e-01,  8.8958e-01, -2.8731e-01,  9.8573e-02,  1.0778e-01,
            1.0126e+00, -2.6181e-01,  1.4947e-01, -4.0639e-02,  4.4225e-01,
           -2.7646e-01,  1.3396e-01,  1.7235e-01,  1.2148e+00, -4.6104e-01,
           -7.2698e-01, -2.7305e-02,  2.3244e-01, -2.7992e-01,  1.2730e-01,
            1.8236e-01,  1.4001e+00, -2.4903e-01, -1.3152e+00],
          [-1.1569e-01,  9.7054e-01, -2.5565e-01,  1.2471e-01, -1.0142e-01,
            1.1320e+00, -4.5758e-01,  2.1028e-01, -1.7496e-01,  4.5502e-01,
           -3.3013e-01, -1.5177e-03, -3.3594e-01,  1.5927e+00, -3.0294e-01,
           -5.0271e-01, -3.2057e-02,  3.1663e-01, -2.4159e-01,  1.4184e-01,
           -3.8619e-01,  1.7159e+00, -1.3119e-01, -1.0748e+00],
          [ 2.5794e-01,  1.2156e+00, -2.4255e-01,  1.3552e-01,  1.2065e-01,
            1.6452e+00, -5.1983e-02,  5.8061e-01,  7.6372e-02,  6.1973e-01,
           -4.5857e-01,  8.9314e-02,  2.1876e-01,  1.9179e+00, -1.4912e-01,
           -4.4091e-01, -5.5248e-02,  2.1926e-01, -2.8614e-01,  1.1404e-01,
            2.7239e-01,  1.9392e+00, -2.1478e-02, -1.1427e+00],
          [-3.3607e-01,  7.0060e-01, -8.2499e-01, -5.7525e-02, -3.7978e-01,
            6.5097e-01, -8.2018e-01,  1.3651e-01, -1.6294e-01,  4.6179e-01,
           -5.5876e-01,  7.3885e-02, -6.9973e-02,  1.0562e+00, -1.0241e+00,
           -7.4867e-01,  2.8052e-02,  2.4217e-01, -3.8109e-01, -7.3934e-02,
            8.5794e-02,  1.2912e+00, -6.9518e-01, -1.3498e+00]],

         [[ 1.1376e+00,  8.9379e-01, -1.9016e+00,  6.4161e-01,  1.1708e+00,
            7.1143e-01, -1.7845e+00,  6.4224e-01,  4.8475e-01,  5.1906e-01,
           -1.0408e+00,  3.7976e-01,  1.1264e+00,  7.5008e-01, -1.6881e+00,
           -4.6829e-01, -4.6598e-03,  1.2048e-01, -6.4571e-01,  1.5613e-01,
            7.3570e-01,  7.2337e-01, -1.0876e+00, -1.3700e+00],
          [-1.4526e-01,  1.1696e+00, -1.8074e+00,  1.0184e+00, -2.1364e-01,
            1.1276e+00, -1.7400e+00,  9.2330e-01,  5.1037e-02,  7.6920e-01,
           -1.0991e+00,  7.7739e-01, -1.7001e-01,  9.5162e-01, -1.7349e+00,
           -3.4223e-01, -5.2852e-02,  1.2324e-01, -8.9314e-01,  3.2564e-01,
           -1.5696e-02,  1.0177e+00, -1.1208e+00, -1.3332e+00],
          [-7.3018e-01,  1.5623e+00, -1.9176e+00,  1.3882e+00, -5.4337e-01,
            1.7557e+00, -1.9861e+00,  1.3508e+00, -1.3649e-01,  7.6748e-01,
           -1.1413e+00,  9.7357e-01, -1.1093e+00,  1.7740e+00, -1.5898e+00,
            2.7345e-01,  8.7098e-02,  1.0708e-01, -7.5769e-01,  5.6056e-01,
           -1.1004e+00,  1.6324e+00, -9.8416e-01, -7.5678e-01],
          [ 9.3466e-01,  2.5436e+00, -1.6379e+00,  1.6124e+00,  3.9230e-01,
            2.3788e+00, -1.7357e+00,  1.5950e+00,  3.0032e-01,  9.0828e-01,
           -1.2569e+00,  1.1600e+00,  1.2694e+00,  2.5561e+00, -1.1562e+00,
            5.1895e-01, -1.3279e-01,  3.0239e-01, -7.2481e-01,  6.7647e-01,
            1.4755e+00,  2.1524e+00, -5.2948e-01, -6.9827e-01],
          [-5.9976e-01,  5.5368e-01, -2.1676e+00,  5.9668e-01, -7.2823e-01,
            6.1120e-01, -2.0801e+00,  6.3504e-01, -6.9058e-01,  5.5502e-01,
           -1.0456e+00,  5.7320e-01, -7.8744e-04,  2.7762e-01, -1.8950e+00,
           -7.6905e-01, -2.4274e-03,  1.0052e-02, -7.3860e-01,  1.9078e-01,
            2.4284e-01,  3.2255e-01, -1.4465e+00, -1.6292e+00]],

         [[ 9.6792e-01, -3.8227e-01, -2.0334e+00,  5.6300e-01,  8.8201e-01,
           -4.7972e-01, -2.0891e+00,  6.0785e-01,  5.6187e-01,  4.6667e-02,
           -1.1573e+00,  3.7250e-01,  7.5053e-01, -6.7989e-01, -1.8148e+00,
           -6.1025e-01, -1.4952e-01, -3.3224e-03, -7.1576e-01,  2.1790e-01,
            4.0306e-01, -7.0504e-01, -1.1824e+00, -1.4283e+00],
          [-1.9161e-01, -2.7627e-01, -2.1389e+00,  1.0562e+00, -2.2248e-02,
           -3.9463e-01, -2.2046e+00,  1.0704e+00,  1.2270e-01,  1.7661e-02,
           -1.0527e+00,  6.8330e-01,  2.8338e-03, -3.9387e-01, -1.7063e+00,
           -3.5873e-01, -1.9088e-01, -3.9342e-02, -1.2321e+00,  3.6988e-01,
            6.8513e-02, -4.6362e-01, -8.9854e-01, -1.4052e+00],
          [-4.2577e-01, -7.0167e-01, -1.9457e+00,  1.8000e+00, -1.1687e-01,
           -5.8109e-01, -2.3045e+00,  1.5636e+00,  4.1591e-02,  2.5459e-01,
           -1.1391e+00,  1.3755e+00, -8.7119e-01, -8.6668e-01, -1.4819e+00,
            3.8584e-01, -2.5951e-01, -3.7837e-01, -1.1762e+00,  8.8416e-01,
           -1.0888e+00, -8.7991e-01, -6.7307e-01, -7.8410e-01],
          [ 9.6406e-01, -1.3591e+00, -2.1550e+00,  2.0934e+00,  6.9426e-01,
           -1.3253e+00, -2.6887e+00,  1.6608e+00,  2.8806e-01,  1.1830e-01,
           -1.5577e+00,  1.2992e+00,  1.8635e+00, -1.1427e+00, -1.5895e+00,
            4.0797e-01, -4.1526e-01, -1.0169e-01, -1.3238e+00,  8.4457e-01,
            2.0454e+00, -9.3173e-01, -4.4465e-01, -7.7307e-01],
          [-9.0228e-01, -1.4895e-01, -1.7950e+00,  9.9343e-01, -1.1631e+00,
           -2.1822e-01, -2.0217e+00,  9.7155e-01, -6.2823e-01,  8.8593e-02,
           -9.1052e-01,  8.6891e-01, -5.4353e-01, -4.5293e-01, -1.2770e+00,
           -2.8200e-01, -2.2350e-01,  3.5643e-02, -1.1139e+00,  2.9742e-01,
           -2.0173e-01, -5.0116e-01, -7.1301e-01, -1.2523e+00]],

         [[ 4.8933e-01, -5.0234e-01, -7.9599e-01, -3.3180e-01,  1.3905e-01,
           -6.3544e-01, -8.9943e-01, -1.9282e-01,  1.8981e-01, -3.9547e-01,
           -4.8962e-01, -1.2534e-01,  3.3701e-01, -8.9783e-01, -8.4594e-01,
           -8.4490e-01,  1.0870e-01, -3.6323e-01, -6.0940e-01,  1.1407e-01,
            1.6137e-01, -1.1084e+00, -4.6812e-01, -1.4064e+00],
          [ 1.2356e-01, -1.0423e+00, -5.6607e-01, -3.3462e-01,  5.2562e-03,
           -1.2310e+00, -6.3956e-01, -1.9676e-01,  1.7969e-02, -6.5940e-01,
           -4.9759e-01, -1.4133e-01,  7.1312e-02, -1.4498e+00, -4.5733e-01,
           -8.7865e-01,  5.8960e-02, -4.9526e-01, -1.2235e+00,  1.9166e-01,
            5.9818e-02, -1.6294e+00, -1.4444e-01, -1.5574e+00],
          [-1.9847e-02, -1.5593e+00, -4.3392e-01, -5.5082e-02, -1.8282e-02,
           -2.0378e+00, -3.7949e-01,  2.2640e-01,  1.7992e-02, -9.6794e-01,
           -6.3757e-01, -9.0238e-02, -6.0074e-02, -2.4249e+00, -1.2601e-01,
           -2.6706e-01,  8.2525e-02, -8.1138e-01, -1.3045e+00,  3.6795e-01,
           -1.3219e-01, -2.3315e+00,  2.2235e-01, -9.9913e-01],
          [ 3.0839e-01, -2.0669e+00, -6.3817e-01, -2.0905e-01, -1.0550e-01,
           -2.3112e+00, -7.1864e-01,  2.0613e-01, -1.9775e-01, -1.0201e+00,
           -8.9336e-01,  3.2896e-03,  3.5989e-01, -3.0195e+00, -5.6900e-01,
           -4.5696e-01, -2.4029e-01, -7.3270e-01, -1.1350e+00,  2.6392e-01,
            5.0313e-01, -2.9640e+00, -1.3352e-01, -1.2951e+00],
          [-4.8674e-01, -7.6969e-01, -5.1117e-01, -1.4842e-01, -4.2824e-01,
           -1.2970e+00, -5.6488e-01, -4.1341e-03, -4.3034e-01, -6.2227e-01,
           -5.5919e-01,  2.7368e-02, -4.3280e-01, -1.3313e+00, -4.4401e-01,
           -6.5076e-01, -2.9181e-01, -3.1061e-01, -9.3075e-01,  1.1193e-01,
           -4.6916e-01, -1.4237e+00, -6.6086e-03, -1.1705e+00]]]],
       device='cuda:0')
