tensor([[[[ 4.5378e-01,  1.4715e-01, -4.1815e-01, -2.1811e-02,  6.7838e-02,
            5.8904e-02, -7.3543e-01,  1.7900e-01,  9.6131e-02, -7.2912e-02,
           -1.1829e-02, -3.8913e-01,  1.2062e-01,  1.7438e-01, -3.6662e-01,
            1.0386e-01, -3.8997e-01, -1.6411e-01, -8.7030e-02,  2.4992e-01,
           -1.0108e-01,  2.7634e-01, -1.1224e-04, -4.5926e-01],
          [ 4.1506e-01, -2.2773e-01, -9.0434e-01,  2.0183e-01,  9.2098e-02,
            2.2612e-01, -4.6013e-01,  7.4268e-01,  3.3263e-01, -3.9747e-01,
            8.8369e-02, -1.1561e-01,  1.4209e-01,  2.1028e-01, -4.1274e-01,
           -6.7805e-03, -5.8735e-01, -5.7966e-02, -1.2833e-01,  2.9643e-01,
           -3.0747e-02,  3.4391e-01, -1.5751e-01, -1.0464e+00],
          [ 2.1136e-01, -3.1083e-01, -1.0502e+00,  1.1327e-01, -1.5293e-01,
            8.0758e-02, -3.6445e-01,  8.9111e-01,  4.3208e-01, -4.6931e-01,
            7.8207e-02, -1.9564e-01, -1.9013e-02,  1.4580e-01, -3.3488e-01,
           -1.3392e-01, -4.6977e-01, -3.0761e-01, -1.4893e-01,  2.3089e-01,
           -1.9345e-01,  3.7775e-01,  7.9322e-02, -9.4806e-01],
          [ 3.3565e-02, -3.0986e-01, -1.2569e+00,  9.3647e-03, -1.2124e-01,
            1.0213e-01, -3.7958e-01,  9.7245e-01,  4.7139e-01, -3.4175e-01,
            2.6188e-01, -2.4795e-01,  9.6351e-02,  2.0577e-01, -3.0861e-01,
           -3.2832e-01, -4.0945e-01, -2.8222e-01, -2.8669e-01,  1.1946e-01,
           -4.2409e-01,  3.4645e-01,  4.3282e-01, -9.1537e-01],
          [-2.7007e-01, -4.2493e-01, -1.2975e+00,  7.8238e-02, -1.3175e-02,
            9.4446e-02, -5.1192e-01,  9.6331e-01,  3.7134e-01, -2.5943e-01,
            5.3409e-01, -2.7009e-01,  2.9389e-03,  2.9775e-01, -4.4152e-01,
           -3.8137e-01, -1.6381e-01, -1.5208e-01, -2.5312e-01, -1.0160e-01,
           -3.9883e-01,  3.6719e-01,  5.5930e-01, -8.2442e-01],
          [-3.3692e-01, -1.4070e-01, -1.1025e+00,  1.2005e-01,  9.4535e-03,
           -3.1091e-01, -6.8851e-01,  2.8047e-01,  2.3603e-01,  2.4411e-02,
            4.4209e-01, -4.2065e-01,  1.0060e-01,  1.5231e-01, -5.7864e-01,
           -4.2311e-01, -3.0735e-02, -1.2151e-02, -3.9519e-01, -5.7584e-02,
           -5.8011e-01,  7.3602e-02,  3.9149e-01, -7.7705e-01],
          [-2.3283e-01,  1.6590e-01, -8.2741e-01, -9.0835e-02,  5.4612e-01,
           -3.7343e-01, -4.7048e-01,  2.4558e-01, -1.1602e-01,  3.0064e-01,
            4.9057e-01, -8.6872e-02,  1.7870e-01, -1.0618e-01, -4.1933e-01,
           -2.5136e-01, -9.0346e-02,  2.1755e-01, -5.4464e-02, -1.6067e-01,
           -4.8621e-01, -1.2666e-01, -1.4471e-01, -9.3994e-01]],

         [[ 1.5537e-01,  5.4920e-01, -7.3339e-01,  3.1820e-01, -3.2361e-01,
           -3.5491e-01, -5.6436e-01,  1.6626e-01,  2.4772e-01, -3.4103e-01,
            3.2853e-01, -4.7090e-01,  8.2319e-02,  3.0828e-01, -3.6642e-01,
           -1.0237e-01, -5.0056e-02, -1.3344e-01,  2.4010e-01, -9.6772e-02,
           -7.0753e-02,  5.0315e-01, -3.1366e-01, -2.4028e-01],
          [ 4.2706e-01,  3.9278e-01, -1.0496e+00,  6.5568e-01, -9.3156e-02,
           -1.3997e-01, -7.6317e-01,  7.1267e-01,  3.7391e-01, -3.2494e-01,
            1.3922e-01, -3.9745e-01, -5.7216e-02,  7.1316e-01, -4.4555e-01,
           -2.0757e-01, -1.2428e-01,  2.2555e-01,  9.0735e-02, -1.8437e-01,
            2.0385e-02,  9.8072e-01, -4.3422e-01, -7.3643e-01],
          [ 4.5747e-02,  8.7162e-01, -1.0403e+00,  5.0426e-01, -2.8350e-01,
            5.1212e-02, -9.2348e-01,  8.2900e-01,  4.5442e-01, -1.9421e-01,
            1.6370e-01, -5.4547e-01, -6.8703e-02,  9.3443e-01, -4.1885e-01,
           -4.1619e-01, -2.0247e-01,  1.2309e-01,  9.6048e-02, -3.2949e-01,
           -9.5732e-02,  1.1735e+00, -1.6394e-01, -7.3687e-01],
          [-1.8762e-01,  8.2525e-01, -1.2141e+00,  4.1204e-01, -2.3357e-01,
            2.0001e-01, -1.0599e+00,  9.2048e-01,  6.4321e-01, -6.7486e-02,
            4.1617e-01, -6.0662e-01, -3.6582e-01,  1.2872e+00, -3.9699e-01,
           -5.3491e-01, -1.2963e-01, -1.3619e-01,  1.0813e-01, -5.0266e-01,
           -3.0135e-01,  1.5736e+00, -1.8822e-01, -9.2131e-01],
          [-2.2376e-01,  5.9219e-01, -1.3438e+00,  4.1382e-01, -2.6393e-01,
            2.9925e-01, -1.2896e+00,  7.3459e-01,  7.4153e-01, -1.4156e-01,
            4.9766e-01, -6.1548e-01, -4.9425e-01,  1.4318e+00, -7.2210e-01,
           -5.1140e-01, -2.3285e-01, -8.1689e-02,  9.6878e-02, -5.3234e-01,
           -5.8091e-01,  1.4857e+00, -6.3002e-02, -9.7794e-01],
          [-5.7705e-01,  6.5025e-01, -1.1350e+00,  5.4797e-01, -3.6804e-01,
           -5.6464e-03, -1.2698e+00,  2.0790e-01,  3.3356e-01,  2.2565e-01,
            4.9940e-01, -5.6525e-01, -1.8330e-01,  1.0779e+00, -8.3577e-01,
           -5.4521e-01, -4.8061e-02,  6.0459e-03, -1.7147e-01, -9.2513e-02,
           -8.5486e-01,  8.2675e-01, -1.5707e-01, -8.0664e-01],
          [-2.5372e-01,  3.6517e-01, -6.7145e-01, -4.2895e-02,  3.8147e-02,
           -4.9222e-01, -7.1898e-01,  1.6939e-01, -9.4151e-02,  2.7453e-01,
            5.8558e-01, -9.8825e-02, -3.4656e-01,  5.2406e-01, -7.5641e-01,
           -1.8656e-01, -1.4501e-01, -1.4717e-02,  6.7824e-02, -1.2778e-01,
           -6.1035e-01,  2.6203e-01, -7.3680e-01, -8.5293e-01]],

         [[ 1.9574e-01,  5.8335e-01, -8.2675e-01,  6.0588e-01, -2.6612e-01,
           -2.5854e-02, -7.7629e-01,  4.1307e-01,  1.5175e-01, -8.2782e-02,
            2.4554e-01, -1.9422e-01,  3.9846e-01,  3.0328e-01, -5.4635e-01,
           -1.4307e-01, -6.9718e-02,  3.1590e-02,  3.5766e-01, -1.8994e-01,
            8.7404e-02,  3.2355e-01, -3.3425e-01, -2.6659e-01],
          [ 2.6371e-01,  2.5663e-01, -1.4334e+00,  9.9472e-01,  1.4255e-01,
            3.3285e-01, -1.3723e+00,  8.5588e-01,  1.8146e-01, -5.2041e-02,
            3.9656e-02,  2.1480e-02,  3.7173e-01,  8.0149e-01, -8.8025e-01,
           -3.3122e-01, -9.0099e-03,  3.8361e-01,  6.7556e-02, -1.2757e-01,
            2.5747e-01,  8.5958e-01, -4.7771e-01, -8.9442e-01],
          [ 3.5315e-02,  7.7084e-01, -1.2367e+00,  8.4780e-01, -1.4011e-01,
            4.7245e-01, -1.2789e+00,  6.9486e-01,  3.9272e-01,  3.1053e-02,
            2.1292e-01, -9.9056e-02,  3.4866e-01,  1.1185e+00, -6.4864e-01,
           -5.1404e-01, -9.1666e-03,  3.2828e-01,  6.6260e-02, -2.2156e-01,
            2.6036e-01,  1.0531e+00, -4.3405e-01, -7.4228e-01],
          [ 7.4225e-03,  7.8781e-01, -1.2201e+00,  9.6048e-01, -1.1964e-01,
            5.0162e-01, -1.5106e+00,  5.3514e-01,  6.5903e-01, -8.8133e-02,
            3.1710e-01, -1.9709e-01,  3.0782e-03,  1.4887e+00, -9.6985e-01,
           -5.4367e-01, -2.8937e-03,  4.2800e-01,  2.1243e-01, -2.1543e-01,
            1.6442e-01,  1.4144e+00, -4.9317e-01, -8.4613e-01],
          [-1.6653e-01,  9.8123e-01, -1.3985e+00,  6.0748e-01, -2.4567e-01,
            6.5543e-01, -1.6483e+00,  5.7708e-01,  6.9031e-01,  7.7336e-02,
            4.4821e-01, -2.7363e-01, -1.6573e-01,  1.4051e+00, -1.1377e+00,
           -5.6599e-01, -1.8239e-01,  2.4886e-01,  2.0676e-01, -3.0374e-01,
           -1.3436e-01,  1.5204e+00, -7.2217e-01, -5.8388e-01],
          [-2.2839e-01,  8.5125e-01, -1.1781e+00,  7.8854e-01, -6.6063e-01,
            5.7163e-01, -1.5578e+00,  2.2543e-01,  2.9226e-01, -1.5337e-01,
            4.6843e-01, -1.4894e-01, -2.6228e-01,  1.0838e+00, -1.2726e+00,
           -2.7511e-01, -3.3978e-01,  1.1475e-01,  7.9806e-02, -1.6079e-01,
           -4.3274e-01,  9.6732e-01, -8.5369e-01, -5.6893e-01],
          [-1.5281e-01,  4.2236e-01, -5.2867e-01,  2.7419e-01, -4.3390e-01,
           -1.5557e-01, -1.1177e+00,  1.2800e-01, -2.9588e-02,  4.1328e-02,
            3.7514e-01,  2.8789e-01, -3.6450e-01,  4.8172e-01, -1.0307e+00,
           -1.5979e-02, -1.6204e-01, -2.2585e-02,  3.4446e-01, -2.1614e-01,
           -2.3480e-01,  3.1442e-01, -9.7667e-01, -3.8196e-01]],

         [[ 2.8627e-01,  3.0636e-01, -1.0220e+00,  5.9545e-01, -2.8026e-02,
           -2.2370e-01, -9.4120e-01,  2.2216e-01,  1.5982e-01, -7.2292e-02,
            2.5849e-01, -2.5258e-01,  3.2050e-01, -8.6645e-02, -6.6084e-01,
           -4.4672e-01,  7.3548e-02,  2.7734e-02,  2.5347e-01,  4.1729e-02,
            4.7920e-02,  2.1520e-02, -4.6758e-01, -5.9682e-01],
          [ 2.9450e-01, -2.9065e-01, -1.8282e+00,  1.0903e+00,  1.5428e-01,
           -1.3081e-01, -1.6891e+00,  5.4967e-01,  2.1970e-01, -4.9124e-02,
           -2.8878e-01, -4.4821e-04,  1.0605e-01,  1.7360e-01, -1.2010e+00,
           -5.0535e-01,  8.7958e-02,  4.6062e-01, -1.1415e-01,  2.9186e-01,
            9.2472e-02,  1.5518e-01, -7.3224e-01, -1.4466e+00],
          [-1.0828e-01,  4.6383e-02, -1.6575e+00,  9.2958e-01, -1.4307e-01,
           -2.0454e-03, -1.8112e+00,  5.5875e-01,  3.1712e-01,  4.9237e-02,
           -1.0836e-01, -1.4140e-01,  2.4583e-01,  1.1792e-01, -1.2003e+00,
           -7.2543e-01,  4.1309e-02,  6.7513e-01, -1.7323e-02,  5.4953e-01,
           -4.6681e-02,  1.5310e-01, -6.5537e-01, -1.0119e+00],
          [-1.4324e-01, -2.0506e-01, -1.9566e+00,  8.5694e-01, -4.7535e-01,
           -1.3353e-02, -2.1122e+00,  3.1151e-01,  4.6846e-01, -1.0927e-01,
           -1.7955e-01,  1.2751e-02, -2.1651e-02,  1.4030e-01, -1.5201e+00,
           -5.7048e-01,  4.8740e-02,  6.3816e-01,  3.3404e-02,  4.9558e-01,
            1.6763e-03,  1.5029e-01, -8.3298e-01, -1.0493e+00],
          [-1.7000e-01,  8.2499e-03, -2.0215e+00,  6.3161e-01, -2.9197e-01,
           -8.8473e-02, -2.1864e+00,  4.2265e-01,  3.8476e-01,  7.1921e-02,
            2.2436e-01, -8.7709e-02,  4.9191e-02, -9.2943e-02, -1.6165e+00,
           -5.4224e-01, -2.8719e-01,  1.9393e-01,  2.2274e-01,  2.4428e-01,
            8.1564e-02,  6.8739e-02, -8.8219e-01, -6.0262e-01],
          [-3.5282e-01,  1.5209e-02, -1.6115e+00,  9.3236e-01, -6.3053e-01,
            1.5948e-01, -1.6521e+00,  3.0597e-01,  2.2001e-01,  1.1765e-01,
            1.7197e-02, -6.4293e-02, -1.9468e-01, -1.6999e-01, -1.2772e+00,
           -2.6806e-01, -1.4312e-01, -1.2386e-01, -1.7713e-01,  1.7099e-01,
           -2.1054e-01, -1.5426e-01, -9.6966e-01, -5.7040e-01],
          [-1.0123e-01,  5.8648e-02, -4.3922e-01,  2.6286e-01, -4.0543e-01,
           -8.9131e-02, -1.0572e+00,  2.8426e-01,  1.0980e-01,  2.7651e-01,
            1.9094e-01,  3.5052e-01, -3.8554e-02, -3.6370e-02, -8.9919e-01,
            2.6328e-03, -2.3081e-01, -1.0993e-01,  3.6290e-01, -9.5684e-02,
           -1.6295e-01, -2.1383e-01, -9.1718e-01, -2.0737e-01]],

         [[ 2.9577e-01, -1.8339e-02, -1.0298e+00,  7.5539e-01, -2.5515e-02,
           -2.8941e-01, -9.7559e-01,  1.9341e-01,  3.9549e-01, -1.7157e-01,
            3.6268e-01, -3.7725e-01,  3.5193e-01, -3.8438e-01, -8.0954e-01,
           -5.9026e-01,  5.0630e-02,  4.9307e-02,  1.2504e-01,  2.6600e-01,
            5.5644e-02, -4.0166e-01, -5.8581e-01, -7.2136e-01],
          [ 2.2887e-01, -4.9930e-01, -1.8093e+00,  9.3003e-01, -2.0300e-01,
           -3.9455e-01, -1.7998e+00,  4.2554e-01,  1.2480e-01, -1.3162e-01,
           -4.1488e-01, -1.4694e-01, -1.0359e-01, -7.7116e-01, -1.3783e+00,
           -8.3682e-01,  5.4657e-02,  2.7997e-01, -4.7672e-01,  7.5306e-01,
           -6.5817e-02, -7.0503e-01, -7.7479e-01, -1.3761e+00],
          [ 3.9234e-02, -7.8071e-01, -1.9427e+00,  9.4646e-01, -4.2325e-01,
           -4.0084e-01, -2.0371e+00,  6.9780e-01,  2.1818e-01, -1.7206e-01,
           -1.4900e-01, -2.4299e-01, -3.3600e-02, -9.7985e-01, -1.4536e+00,
           -8.4440e-01, -4.1309e-01,  2.1523e-01, -3.6244e-01,  5.7019e-01,
           -1.7743e-01, -1.2320e+00, -7.0636e-01, -1.1795e+00],
          [-5.4666e-02, -9.6513e-01, -1.9294e+00,  1.0110e+00, -5.9830e-01,
           -6.4306e-01, -2.2868e+00,  3.9603e-01,  2.2237e-01,  1.1434e-01,
           -4.2124e-01, -3.2275e-01, -1.0832e-01, -1.2550e+00, -1.4006e+00,
           -7.8971e-01, -2.4460e-01, -8.6891e-02, -2.8807e-01,  4.9093e-01,
           -1.3590e-02, -1.6378e+00, -6.7469e-01, -8.9880e-01],
          [-3.0109e-01, -8.6700e-01, -2.1769e+00,  1.0825e+00, -4.7365e-01,
           -8.2379e-01, -2.1461e+00,  7.8525e-01,  5.0805e-01,  4.1741e-01,
           -1.5148e-01, -2.3380e-01, -2.6545e-01, -1.6502e+00, -1.5961e+00,
           -8.7191e-01, -6.1560e-01, -2.3333e-01,  1.3632e-01, -6.1934e-02,
            1.0680e-01, -1.7165e+00, -8.7917e-01, -7.8881e-01],
          [-4.4810e-01, -8.1813e-01, -1.8344e+00,  1.2961e+00, -4.1084e-01,
           -5.2164e-01, -1.8714e+00,  5.4093e-01,  3.6861e-01,  7.1890e-01,
           -3.7056e-01, -2.8644e-01, -2.0032e-01, -1.2646e+00, -1.2998e+00,
           -5.0993e-01, -3.8379e-01, -7.5224e-01, -1.6136e-01,  3.7962e-02,
            4.1323e-02, -1.3840e+00, -8.5061e-01, -5.9371e-01],
          [-6.8105e-02, -3.0805e-01, -6.2075e-01,  3.3229e-01, -2.3322e-01,
           -7.0021e-02, -1.1673e+00,  3.4375e-01,  2.0610e-01,  7.9879e-01,
           -4.8994e-02,  2.7659e-01,  2.9668e-01, -3.8440e-01, -9.2365e-01,
            1.2814e-01, -3.6661e-01, -5.3235e-01,  1.8083e-01, -2.4515e-01,
           -2.4917e-02, -7.3546e-01, -8.5146e-01, -1.5714e-01]],

         [[ 2.7178e-01, -8.6727e-02, -8.5314e-01,  3.8535e-01, -1.4960e-01,
           -4.1588e-01, -8.9714e-01,  8.3270e-02, -2.4591e-04, -2.6454e-01,
            4.8733e-01, -2.2918e-01,  2.5504e-01, -6.7969e-01, -7.4597e-01,
           -4.8172e-01,  6.4941e-02,  1.9913e-01,  1.0152e-02,  2.9749e-01,
           -7.1389e-02, -6.1105e-01, -5.6678e-01, -4.6012e-01],
          [ 1.5239e-01, -4.6845e-01, -1.4895e+00,  8.3691e-01, -2.7090e-01,
           -7.4482e-01, -9.4145e-01,  6.3244e-02, -2.7739e-01, -1.6069e-01,
           -3.2077e-01, -3.3270e-01,  6.3220e-02, -9.0673e-01, -9.1910e-01,
           -1.0459e+00, -1.7316e-01,  2.6289e-01, -6.0475e-01,  2.7107e-01,
           -1.5708e-01, -9.4559e-01, -3.5726e-01, -1.2200e+00],
          [ 8.3448e-02, -5.1957e-01, -1.2322e+00,  5.3428e-01, -3.2083e-01,
           -9.0064e-01, -9.2718e-01,  4.6690e-01, -6.1718e-02, -9.3636e-02,
           -1.6253e-01, -3.8992e-01, -1.0179e-01, -1.3199e+00, -8.5712e-01,
           -8.9559e-01, -3.3239e-01, -1.3081e-01, -5.8011e-01, -1.6117e-01,
           -9.7133e-02, -1.6509e+00, -5.0951e-01, -9.8264e-01],
          [ 8.0169e-02, -7.3053e-01, -1.5582e+00,  7.7262e-01, -3.9412e-02,
           -1.0420e+00, -1.2654e+00,  3.8592e-01,  6.3890e-02,  2.9875e-02,
           -4.7838e-01, -6.6118e-01, -1.6225e-01, -1.5628e+00, -8.6856e-01,
           -9.6967e-01, -7.2829e-01, -1.3027e-01, -4.1695e-01, -4.5956e-01,
           -1.7107e-02, -1.9512e+00, -2.1397e-01, -8.3912e-01],
          [-1.5366e-02, -7.8107e-01, -2.1649e+00,  7.0226e-01,  1.9598e-01,
           -1.1611e+00, -1.1993e+00,  6.9374e-01,  5.2144e-01,  2.0040e-01,
           -4.7786e-01, -5.1475e-01, -2.6507e-01, -1.7146e+00, -1.0373e+00,
           -8.4606e-01, -1.0351e+00, -5.7498e-01, -7.7123e-02, -9.3109e-01,
            6.4904e-02, -2.0779e+00, -7.4502e-01, -9.9793e-01],
          [-1.1361e-01, -6.9885e-01, -1.9987e+00,  1.0691e+00,  7.7740e-03,
           -8.4313e-01, -1.3643e+00,  3.6994e-01,  5.9012e-01,  6.6865e-01,
           -5.7891e-01, -4.4019e-01, -9.4710e-02, -1.2741e+00, -1.1085e+00,
           -5.7487e-01, -1.0872e+00, -9.2057e-01, -9.3365e-02, -6.2450e-01,
           -2.5776e-01, -1.7335e+00, -6.2955e-01, -8.4065e-01],
          [-6.9064e-02, -3.1858e-01, -7.6642e-01,  3.1393e-01, -1.4735e-02,
           -2.0981e-01, -9.7362e-01,  3.0210e-01,  5.8721e-01,  9.3172e-01,
           -2.0942e-01,  2.7307e-01,  2.3244e-01, -3.7059e-01, -9.5016e-01,
            4.6943e-02, -8.5292e-01, -7.0201e-01,  3.4269e-02, -5.1743e-01,
           -3.1727e-01, -8.9258e-01, -7.3586e-01, -2.7186e-01]],

         [[ 2.0875e-01,  2.6122e-01, -4.1438e-01,  4.5648e-01, -8.7609e-03,
           -3.2732e-01, -1.2311e-01, -3.0259e-02,  9.3815e-02,  1.7037e-01,
            3.4675e-01, -1.1786e-01,  2.3404e-01, -3.1880e-01, -3.0879e-01,
           -4.2713e-01,  1.0703e-01,  2.1303e-01,  8.3729e-02, -2.2843e-02,
           -1.5233e-01, -5.3754e-01, -2.6474e-01, -5.1083e-01],
          [ 1.3756e-01,  1.3789e-01, -4.1062e-01,  8.5680e-01,  1.2386e-01,
           -4.1811e-01, -1.9319e-01,  2.2309e-01, -1.1923e-01,  1.7107e-01,
           -3.6469e-01, -3.8595e-01, -5.4961e-02, -6.0525e-01, -2.9611e-01,
           -7.4889e-01, -2.5986e-02,  3.1908e-01, -3.5186e-01,  3.2905e-02,
           -5.0251e-02, -8.4335e-01, -2.5618e-01, -5.2885e-01],
          [ 8.7111e-02,  1.9947e-01, -6.1867e-01,  6.9280e-01,  5.3456e-01,
           -3.9690e-01, -2.6809e-01,  2.7298e-01,  9.1468e-02,  3.0911e-01,
           -4.1405e-01, -1.0345e-01,  1.2623e-01, -8.0623e-01, -3.2687e-01,
           -6.4894e-01, -2.0258e-01,  3.2384e-01, -1.5654e-01, -2.4475e-01,
           -9.0886e-02, -9.7825e-01, -3.9632e-01, -8.0729e-01],
          [-5.9896e-04,  1.1108e-01, -1.1290e+00,  6.0528e-01,  7.5739e-01,
           -3.4185e-01, -2.9339e-01,  3.4450e-01,  4.6049e-01,  3.4432e-01,
           -7.2559e-01, -5.0288e-02,  1.7793e-01, -1.0066e+00, -5.0290e-01,
           -4.9509e-01, -5.6686e-01,  2.0889e-01,  1.1308e-01, -6.4060e-01,
           -2.2337e-02, -1.1328e+00, -6.6602e-01, -8.5225e-01],
          [-1.5847e-01,  1.2751e-01, -1.4613e+00,  5.4255e-01,  8.6971e-01,
           -4.2637e-01, -5.1929e-01,  5.3955e-01,  7.7945e-01,  3.0280e-01,
           -9.3955e-01,  2.2543e-02,  2.2679e-01, -1.0149e+00, -7.6828e-01,
           -5.2588e-01, -7.9519e-01,  2.4676e-01,  2.5697e-01, -9.1267e-01,
           -1.9184e-01, -1.1687e+00, -8.7507e-01, -1.1543e+00],
          [-4.3657e-01, -1.0265e-01, -1.4627e+00,  5.8124e-01,  6.4563e-01,
           -1.0905e-01, -4.4109e-01,  4.5672e-01,  8.9601e-01,  6.2792e-01,
           -1.0296e+00,  5.9823e-02,  1.2069e-01, -6.8777e-01, -8.9615e-01,
           -2.3791e-01, -1.0449e+00, -8.6001e-02,  7.7804e-02, -5.1685e-01,
           -6.4926e-01, -1.0219e+00, -8.0566e-01, -1.0076e+00],
          [-3.1131e-01, -1.1562e-01, -8.9243e-01,  9.4559e-02,  3.5903e-01,
            1.8543e-01, -4.1466e-01,  2.5220e-01,  8.0981e-01,  7.2376e-01,
           -6.6708e-01,  4.0166e-01, -3.9970e-03, -2.0166e-01, -7.1309e-01,
            4.3002e-02, -1.0471e+00, -2.1115e-01, -9.4384e-02, -2.8421e-01,
           -7.0228e-01, -7.2642e-01, -6.4115e-01, -6.4566e-01]]]],
       device='cuda:0')
