tensor([[[ 1.8929e-02,  4.3657e-02,  3.9711e-01,  5.7091e-01],
         [ 2.8129e-02,  1.9658e-02,  4.8624e-01,  6.7937e-01],
         [-8.6566e-03,  3.8568e-02,  6.7336e-01,  3.2993e-01],
         [ 3.0016e-02,  1.5875e-02,  3.0939e-01,  7.5556e-01],
         [ 2.8776e-02,  4.1024e-02,  8.6714e-01,  3.0254e-01],
         [ 2.6512e-02,  7.6826e-03,  2.7350e-01,  7.6750e-01],
         [ 9.9841e-02,  4.5799e-02,  3.4330e-01,  6.2951e-01],
         [ 1.1272e-01,  3.1797e-02,  4.6220e-01,  7.4158e-01],
         [ 8.0362e-02,  3.8265e-02,  6.4925e-01,  3.5103e-01],
         [ 1.1840e-01, -1.8783e-02,  3.2600e-01,  7.0203e-01],
         [ 6.3025e-02,  2.8818e-02,  8.8900e-01,  2.8718e-01],
         [ 1.0589e-01, -1.6093e-02,  2.7311e-01,  7.6369e-01],
         [ 1.5303e-01,  5.4716e-02,  3.5480e-01,  6.2123e-01],
         [ 1.8340e-01,  3.5929e-02,  4.5408e-01,  7.2311e-01],
         [ 1.3857e-01,  3.6530e-02,  6.3770e-01,  3.3700e-01],
         [ 1.8187e-01, -5.1607e-04,  3.4374e-01,  6.8961e-01],
         [ 1.2895e-01,  3.4058e-02,  8.5462e-01,  2.9633e-01],
         [ 1.6770e-01, -1.4193e-03,  2.9205e-01,  7.4941e-01],
         [ 2.1934e-01,  5.8068e-02,  3.5588e-01,  6.1959e-01],
         [ 2.5353e-01,  4.2695e-02,  4.4922e-01,  7.2247e-01],
         [ 2.1082e-01,  3.6451e-02,  6.3925e-01,  3.3848e-01],
         [ 2.4678e-01,  4.1756e-03,  3.4686e-01,  6.7962e-01],
         [ 1.9883e-01,  3.4221e-02,  8.6462e-01,  2.9712e-01],
         [ 2.3183e-01,  3.2479e-03,  2.9560e-01,  7.3942e-01],
         [ 2.8441e-01,  6.2818e-02,  3.5448e-01,  6.2111e-01],
         [ 3.1937e-01,  4.5559e-02,  4.4737e-01,  7.2133e-01],
         [ 2.8521e-01,  3.8687e-02,  6.3883e-01,  3.3711e-01],
         [ 3.1275e-01,  1.0452e-02,  3.4642e-01,  6.8014e-01],
         [ 2.7463e-01,  3.3884e-02,  8.6470e-01,  3.0128e-01],
         [ 2.9534e-01,  7.8918e-03,  2.9531e-01,  7.4224e-01],
         [ 3.4921e-01,  6.5190e-02,  3.6239e-01,  6.1166e-01],
         [ 3.8231e-01,  5.0268e-02,  4.5396e-01,  7.1463e-01],
         [ 3.4959e-01,  3.9600e-02,  6.4535e-01,  3.3976e-01],
         [ 3.8076e-01,  1.5846e-02,  3.4534e-01,  6.7929e-01],
         [ 3.4533e-01,  3.5191e-02,  8.6925e-01,  2.9988e-01],
         [ 3.6262e-01,  1.4878e-02,  2.9567e-01,  7.3897e-01],
         [ 4.1624e-01,  6.9149e-02,  3.6353e-01,  6.1059e-01],
         [ 4.4875e-01,  5.2531e-02,  4.5733e-01,  7.0783e-01],
         [ 4.1968e-01,  3.9189e-02,  6.4752e-01,  3.3976e-01],
         [ 4.4938e-01,  2.1742e-02,  3.4229e-01,  6.8550e-01],
         [ 4.1531e-01,  3.6461e-02,  8.7472e-01,  3.0080e-01],
         [ 4.2983e-01,  2.0644e-02,  2.9397e-01,  7.4324e-01],
         [ 4.8084e-01,  7.1163e-02,  3.6368e-01,  6.1380e-01],
         [ 5.1279e-01,  5.4163e-02,  4.6292e-01,  7.1386e-01],
         [ 4.8150e-01,  4.0886e-02,  6.4975e-01,  3.4113e-01],
         [ 5.1700e-01,  2.6409e-02,  3.3859e-01,  6.9359e-01],
         [ 4.8331e-01,  3.7290e-02,  8.8411e-01,  3.0068e-01],
         [ 4.9772e-01,  2.4309e-02,  2.8725e-01,  7.4684e-01],
         [ 5.4523e-01,  7.1307e-02,  3.6382e-01,  6.1251e-01],
         [ 5.8004e-01,  5.3377e-02,  4.6152e-01,  7.1613e-01],
         [ 5.4415e-01,  4.1523e-02,  6.3979e-01,  3.4204e-01],
         [ 5.8042e-01,  2.6570e-02,  3.3521e-01,  7.0333e-01],
         [ 5.5180e-01,  3.6905e-02,  8.8845e-01,  3.0144e-01],
         [ 5.6337e-01,  2.7466e-02,  2.7947e-01,  7.5169e-01],
         [ 6.1707e-01,  7.1994e-02,  3.6191e-01,  6.1850e-01],
         [ 6.4594e-01,  4.7234e-02,  4.6431e-01,  7.2127e-01],
         [ 6.0992e-01,  4.2309e-02,  6.4260e-01,  3.4335e-01],
         [ 6.5010e-01,  2.4590e-02,  3.2972e-01,  7.2057e-01],
         [ 6.1552e-01,  3.4789e-02,  8.8400e-01,  2.9674e-01],
         [ 6.3341e-01,  2.9178e-02,  2.7168e-01,  7.6569e-01],
         [ 6.8366e-01,  6.8376e-02,  3.5773e-01,  6.1890e-01],
         [ 7.1079e-01,  3.9442e-02,  4.5812e-01,  7.2307e-01],
         [ 6.6522e-01,  4.3290e-02,  6.4258e-01,  3.4302e-01],
         [ 7.1943e-01,  2.0946e-02,  3.2445e-01,  7.3472e-01],
         [ 6.7598e-01,  3.6489e-02,  9.0991e-01,  2.9259e-01],
         [ 7.0001e-01,  2.6016e-02,  2.6434e-01,  7.5744e-01],
         [ 7.5941e-01,  5.1004e-02,  3.6610e-01,  6.2188e-01],
         [ 7.8954e-01,  2.4250e-02,  4.4673e-01,  7.1881e-01],
         [ 7.7625e-01,  4.2775e-02,  6.4930e-01,  3.4599e-01],
         [ 7.7633e-01,  6.9796e-03,  3.3857e-01,  7.0592e-01],
         [ 7.4303e-01,  2.6589e-02,  8.8829e-01,  2.9352e-01],
         [ 7.6786e-01, -4.5629e-03,  2.7419e-01,  7.8354e-01],
         [ 8.3106e-01,  3.8296e-02,  3.5129e-01,  5.9257e-01],
         [ 8.3015e-01,  3.6002e-02,  4.7966e-01,  7.2629e-01],
         [ 8.2185e-01,  3.7127e-02,  6.6814e-01,  3.4125e-01],
         [ 8.4926e-01,  2.4080e-02,  3.1883e-01,  6.8050e-01],
         [ 7.8819e-01,  3.1968e-02,  8.7144e-01,  2.8376e-01],
         [ 8.3389e-01,  2.0222e-02,  2.6668e-01,  7.3630e-01],
         [ 8.6780e-01,  4.9707e-02,  3.6441e-01,  5.8762e-01],
         [ 8.8937e-01,  6.4619e-02,  4.7511e-01,  7.5211e-01],
         [ 9.2208e-01,  2.8943e-02,  6.9655e-01,  3.5796e-01],
         [ 8.9319e-01,  4.0872e-02,  3.1476e-01,  6.8107e-01],
         [ 8.6603e-01,  2.1362e-02,  8.9498e-01,  2.7918e-01],
         [ 8.9964e-01,  2.5868e-02,  2.5965e-01,  7.2441e-01],
         [ 9.5816e-01,  7.4706e-02,  4.0899e-01,  6.0288e-01],
         [ 9.6668e-01,  2.6899e-02,  4.9187e-01,  6.9030e-01],
         [ 9.6700e-01,  5.4764e-02,  6.9273e-01,  3.5985e-01],
         [ 9.6983e-01,  5.6705e-02,  2.9137e-01,  7.0112e-01],
         [ 9.7918e-01,  2.1338e-02,  9.2164e-01,  2.9932e-01],
         [ 9.5259e-01,  3.9829e-02,  2.2517e-01,  8.0270e-01],
         [ 1.8419e-02,  8.9669e-02,  3.8203e-01,  6.1359e-01],
         [ 3.5582e-02,  1.1116e-01,  4.3652e-01,  7.2452e-01],
         [ 4.2521e-03,  1.1159e-01,  6.4150e-01,  3.1978e-01],
         [ 1.7249e-02,  1.0864e-01,  2.7758e-01,  7.3698e-01],
         [ 4.4262e-02,  1.0391e-01,  8.0827e-01,  3.2051e-01],
         [ 1.6134e-02,  7.6273e-02,  2.7368e-01,  7.6351e-01],
         [ 9.4259e-02,  1.0641e-01,  3.3480e-01,  6.2829e-01],
         [ 1.2293e-01,  1.2701e-01,  4.1329e-01,  7.9579e-01],
         [ 1.0387e-01,  1.1156e-01,  6.7076e-01,  3.4691e-01],
         [ 1.1746e-01,  1.0746e-01,  2.7464e-01,  6.9409e-01],
         [ 8.9586e-02,  1.0085e-01,  8.8560e-01,  2.8268e-01],
         [ 1.0572e-01,  8.6182e-02,  2.7959e-01,  7.3597e-01],
         [ 1.4211e-01,  1.2836e-01,  3.4547e-01,  6.2217e-01],
         [ 1.9298e-01,  1.3714e-01,  3.9398e-01,  7.4539e-01],
         [ 1.6741e-01,  1.1097e-01,  6.4730e-01,  3.3585e-01],
         [ 1.7663e-01,  1.3938e-01,  2.9737e-01,  6.8882e-01],
         [ 1.6819e-01,  1.1490e-01,  8.6603e-01,  2.9351e-01],
         [ 1.6171e-01,  1.0956e-01,  3.1628e-01,  6.8812e-01],
         [ 2.0834e-01,  1.3341e-01,  3.5375e-01,  6.1047e-01],
         [ 2.5448e-01,  1.3716e-01,  3.8953e-01,  7.3553e-01],
         [ 2.3663e-01,  1.1499e-01,  6.4316e-01,  3.4064e-01],
         [ 2.4353e-01,  1.4388e-01,  3.0217e-01,  6.7750e-01],
         [ 2.3152e-01,  1.1490e-01,  8.7571e-01,  2.9022e-01],
         [ 2.2751e-01,  1.1990e-01,  3.1464e-01,  6.7433e-01],
         [ 2.7409e-01,  1.4045e-01,  3.4570e-01,  6.1217e-01],
         [ 3.2858e-01,  1.4241e-01,  3.8685e-01,  7.2602e-01],
         [ 3.1014e-01,  1.1295e-01,  6.3716e-01,  3.4059e-01],
         [ 3.0606e-01,  1.5718e-01,  2.9652e-01,  6.7359e-01],
         [ 3.0015e-01,  1.1737e-01,  8.7019e-01,  2.9326e-01],
         [ 2.9155e-01,  1.3385e-01,  3.0992e-01,  6.8445e-01],
         [ 3.4559e-01,  1.4186e-01,  3.5569e-01,  6.0075e-01],
         [ 3.9042e-01,  1.4449e-01,  3.9524e-01,  7.2035e-01],
         [ 3.7166e-01,  1.1316e-01,  6.4723e-01,  3.3861e-01],
         [ 3.7647e-01,  1.6465e-01,  2.9645e-01,  6.7464e-01],
         [ 3.5884e-01,  1.1695e-01,  8.8208e-01,  2.9375e-01],
         [ 3.6243e-01,  1.4899e-01,  3.0635e-01,  6.8139e-01],
         [ 4.1475e-01,  1.4136e-01,  3.6029e-01,  6.0149e-01],
         [ 4.5845e-01,  1.4920e-01,  3.9744e-01,  7.1808e-01],
         [ 4.4162e-01,  1.0884e-01,  6.4908e-01,  3.4093e-01],
         [ 4.4099e-01,  1.7122e-01,  2.9765e-01,  6.8010e-01],
         [ 4.2214e-01,  1.1766e-01,  8.8044e-01,  2.9488e-01],
         [ 4.3037e-01,  1.5683e-01,  3.0960e-01,  6.9274e-01],
         [ 4.8229e-01,  1.4016e-01,  3.5427e-01,  6.0936e-01],
         [ 5.2614e-01,  1.5120e-01,  3.9659e-01,  7.2063e-01],
         [ 5.0646e-01,  1.1134e-01,  6.4733e-01,  3.4027e-01],
         [ 5.1103e-01,  1.7508e-01,  2.8788e-01,  6.9462e-01],
         [ 4.7968e-01,  1.1677e-01,  8.8925e-01,  2.9635e-01],
         [ 4.9829e-01,  1.5977e-01,  3.0153e-01,  7.0751e-01],
         [ 5.4906e-01,  1.3465e-01,  3.5285e-01,  6.1682e-01],
         [ 5.9156e-01,  1.4842e-01,  3.9427e-01,  7.2744e-01],
         [ 5.7253e-01,  1.1295e-01,  6.4244e-01,  3.3226e-01],
         [ 5.7763e-01,  1.7421e-01,  2.7919e-01,  7.0910e-01],
         [ 5.4843e-01,  1.1667e-01,  8.9392e-01,  2.9759e-01],
         [ 5.6238e-01,  1.5940e-01,  2.9232e-01,  7.1735e-01],
         [ 6.1691e-01,  1.3260e-01,  3.4793e-01,  6.2606e-01],
         [ 6.5983e-01,  1.4747e-01,  3.9724e-01,  7.5075e-01],
         [ 6.4051e-01,  1.1109e-01,  6.5059e-01,  3.2968e-01],
         [ 6.4218e-01,  1.6862e-01,  2.7144e-01,  7.1563e-01],
         [ 6.2094e-01,  1.1288e-01,  8.8640e-01,  2.9984e-01],
         [ 6.3102e-01,  1.4869e-01,  2.8757e-01,  7.3850e-01],
         [ 6.7981e-01,  1.2770e-01,  3.4182e-01,  6.3031e-01],
         [ 7.1813e-01,  1.3597e-01,  3.8978e-01,  7.5787e-01],
         [ 6.9278e-01,  1.1255e-01,  6.4885e-01,  3.3460e-01],
         [ 7.1596e-01,  1.5765e-01,  2.6409e-01,  7.2744e-01],
         [ 6.8226e-01,  1.1338e-01,  9.0933e-01,  2.9515e-01],
         [ 6.9838e-01,  1.3807e-01,  2.7845e-01,  7.1077e-01],
         [ 7.5225e-01,  1.1522e-01,  3.6707e-01,  6.3376e-01],
         [ 7.9538e-01,  1.1688e-01,  3.8947e-01,  7.3770e-01],
         [ 8.0433e-01,  1.1653e-01,  6.4239e-01,  3.3878e-01],
         [ 7.7275e-01,  1.2621e-01,  2.8618e-01,  7.1693e-01],
         [ 7.7813e-01,  9.7092e-02,  8.8541e-01,  2.8171e-01],
         [ 7.5577e-01,  9.3475e-02,  2.7055e-01,  7.8072e-01],
         [ 8.1290e-01,  1.2069e-01,  3.3229e-01,  6.3331e-01],
         [ 8.3167e-01,  1.0969e-01,  4.2279e-01,  7.5426e-01],
         [ 8.2797e-01,  1.1580e-01,  6.3037e-01,  3.4872e-01],
         [ 8.4732e-01,  1.4421e-01,  2.7526e-01,  6.8842e-01],
         [ 8.0430e-01,  1.1186e-01,  9.1602e-01,  2.6505e-01],
         [ 8.4337e-01,  1.0807e-01,  2.6063e-01,  7.1668e-01],
         [ 8.4863e-01,  1.1280e-01,  3.5001e-01,  6.2004e-01],
         [ 8.5940e-01,  1.2493e-01,  4.2312e-01,  6.8867e-01],
         [ 9.2824e-01,  1.1467e-01,  6.7601e-01,  3.4851e-01],
         [ 8.7825e-01,  1.5917e-01,  2.5482e-01,  6.9115e-01],
         [ 8.7184e-01,  9.9138e-02,  8.8921e-01,  2.6303e-01],
         [ 8.9636e-01,  1.3049e-01,  2.3740e-01,  6.7568e-01],
         [ 9.5231e-01,  1.3940e-01,  4.1714e-01,  5.9034e-01],
         [ 9.6070e-01,  1.1696e-01,  4.5822e-01,  7.0169e-01],
         [ 9.4965e-01,  1.3283e-01,  6.5988e-01,  3.3072e-01],
         [ 9.5942e-01,  1.5831e-01,  2.3791e-01,  6.7053e-01],
         [ 9.7195e-01,  8.5281e-02,  9.2919e-01,  2.8524e-01],
         [ 9.4452e-01,  1.6521e-01,  2.0258e-01,  7.5255e-01],
         [ 4.1102e-02,  1.8796e-01,  3.8445e-01,  5.7170e-01],
         [ 3.6057e-02,  1.8608e-01,  4.6233e-01,  6.8220e-01],
         [ 1.7727e-02,  1.8166e-01,  6.6392e-01,  3.3225e-01],
         [ 1.2894e-02,  2.1629e-01,  3.0274e-01,  6.8893e-01],
         [ 3.2052e-02,  1.7819e-01,  8.2745e-01,  3.0858e-01],
         [ 1.9136e-02,  2.1007e-01,  2.6598e-01,  7.1403e-01],
         [ 1.2442e-01,  2.2029e-01,  3.4214e-01,  5.7495e-01],
         [ 1.1791e-01,  2.1199e-01,  4.5060e-01,  7.0849e-01],
         [ 1.1952e-01,  1.7602e-01,  7.1017e-01,  3.6291e-01],
         [ 1.1462e-01,  2.5037e-01,  2.9567e-01,  6.2511e-01],
         [ 5.3478e-02,  1.8002e-01,  9.0360e-01,  2.8073e-01],
         [ 1.1464e-01,  2.6752e-01,  2.7606e-01,  6.5212e-01],
         [ 1.8196e-01,  2.4239e-01,  3.5615e-01,  5.7354e-01],
         [ 1.9098e-01,  2.3246e-01,  4.4394e-01,  6.4867e-01],
         [ 1.7837e-01,  1.7276e-01,  6.8352e-01,  3.5456e-01],
         [ 1.6726e-01,  2.9219e-01,  3.2660e-01,  5.8237e-01],
         [ 1.1810e-01,  1.9547e-01,  8.6160e-01,  2.9256e-01],
         [ 1.6773e-01,  3.2042e-01,  3.1737e-01,  5.9631e-01],
         [ 2.4851e-01,  2.4772e-01,  3.5698e-01,  5.6453e-01],
         [ 2.5142e-01,  2.2986e-01,  4.3890e-01,  6.4060e-01],
         [ 2.3972e-01,  1.7904e-01,  6.9168e-01,  3.5691e-01],
         [ 2.3994e-01,  2.9732e-01,  3.2872e-01,  5.7180e-01],
         [ 1.6876e-01,  1.9537e-01,  8.6733e-01,  2.9230e-01],
         [ 2.3142e-01,  3.3696e-01,  3.0817e-01,  5.7741e-01],
         [ 3.0774e-01,  2.4999e-01,  3.4650e-01,  5.7337e-01],
         [ 3.2427e-01,  2.3588e-01,  4.3352e-01,  6.5351e-01],
         [ 3.1603e-01,  1.7594e-01,  6.7078e-01,  3.5284e-01],
         [ 2.9642e-01,  3.0252e-01,  3.1575e-01,  5.6953e-01],
         [ 2.4277e-01,  1.9662e-01,  8.4940e-01,  2.9622e-01],
         [ 2.9310e-01,  3.3992e-01,  3.0264e-01,  5.8749e-01],
         [ 3.7836e-01,  2.5007e-01,  3.4711e-01,  5.7368e-01],
         [ 3.8595e-01,  2.2980e-01,  4.3666e-01,  6.5817e-01],
         [ 3.7532e-01,  1.7995e-01,  6.8052e-01,  3.5260e-01],
         [ 3.7331e-01,  2.9771e-01,  3.1199e-01,  5.7907e-01],
         [ 3.0813e-01,  1.9594e-01,  8.7945e-01,  2.9328e-01],
         [ 3.6563e-01,  3.4250e-01,  2.9074e-01,  5.8868e-01],
         [ 4.4582e-01,  2.5195e-01,  3.4735e-01,  5.8775e-01],
         [ 4.5402e-01,  2.3421e-01,  4.2869e-01,  6.5938e-01],
         [ 4.4869e-01,  1.7901e-01,  6.7613e-01,  3.5041e-01],
         [ 4.3698e-01,  3.0523e-01,  3.1614e-01,  6.0198e-01],
         [ 3.7705e-01,  1.9504e-01,  8.8529e-01,  2.9736e-01],
         [ 4.3197e-01,  3.4404e-01,  2.9188e-01,  6.0881e-01],
         [ 5.1532e-01,  2.4989e-01,  3.4981e-01,  5.9254e-01],
         [ 5.1761e-01,  2.3483e-01,  4.3755e-01,  6.7661e-01],
         [ 5.1184e-01,  1.8027e-01,  6.8292e-01,  3.5449e-01],
         [ 5.0743e-01,  3.0560e-01,  3.1057e-01,  6.1205e-01],
         [ 4.4413e-01,  1.9246e-01,  8.9721e-01,  2.9903e-01],
         [ 5.0065e-01,  3.4855e-01,  2.8269e-01,  6.2152e-01],
         [ 5.7623e-01,  2.3917e-01,  3.4936e-01,  5.8423e-01],
         [ 5.7939e-01,  2.2790e-01,  4.3650e-01,  6.8648e-01],
         [ 5.7676e-01,  1.7974e-01,  6.6748e-01,  3.5583e-01],
         [ 5.7006e-01,  2.9096e-01,  3.0922e-01,  6.1993e-01],
         [ 5.0749e-01,  1.9231e-01,  8.9163e-01,  2.9958e-01],
         [ 5.6395e-01,  3.2820e-01,  2.8304e-01,  6.2864e-01],
         [ 6.4710e-01,  2.3257e-01,  3.4744e-01,  5.8906e-01],
         [ 6.4970e-01,  2.2190e-01,  4.3632e-01,  6.7940e-01],
         [ 6.5369e-01,  1.7608e-01,  6.6233e-01,  3.4726e-01],
         [ 6.3188e-01,  2.7854e-01,  2.9936e-01,  6.2789e-01],
         [ 5.9297e-01,  1.8938e-01,  8.6451e-01,  2.9835e-01],
         [ 6.2836e-01,  3.0691e-01,  2.8075e-01,  6.4334e-01],
         [ 7.1375e-01,  2.2705e-01,  3.3433e-01,  5.8489e-01],
         [ 7.1307e-01,  2.1498e-01,  4.3445e-01,  6.7132e-01],
         [ 6.9937e-01,  1.7796e-01,  6.6594e-01,  3.5408e-01],
         [ 7.0854e-01,  2.6630e-01,  2.8868e-01,  6.2666e-01],
         [ 6.4800e-01,  1.9215e-01,  8.9197e-01,  2.9325e-01],
         [ 7.0263e-01,  2.9231e-01,  2.8217e-01,  6.1602e-01],
         [ 7.7489e-01,  2.0877e-01,  3.8050e-01,  5.7768e-01],
         [ 7.7940e-01,  2.0086e-01,  4.2272e-01,  6.4976e-01],
         [ 8.0107e-01,  1.7553e-01,  6.7924e-01,  3.5907e-01],
         [ 7.7335e-01,  2.3621e-01,  3.1019e-01,  6.3047e-01],
         [ 7.2900e-01,  1.7373e-01,  8.6366e-01,  2.6489e-01],
         [ 7.6460e-01,  2.5184e-01,  2.8737e-01,  6.7091e-01],
         [ 8.2907e-01,  2.1142e-01,  3.2491e-01,  5.9819e-01],
         [ 8.2128e-01,  1.8685e-01,  4.6441e-01,  6.4453e-01],
         [ 8.2250e-01,  1.7820e-01,  6.3038e-01,  3.7199e-01],
         [ 8.4695e-01,  2.4816e-01,  2.7700e-01,  6.0836e-01],
         [ 7.6209e-01,  1.8492e-01,  9.1200e-01,  2.4943e-01],
         [ 8.4735e-01,  2.6891e-01,  2.5494e-01,  6.5349e-01],
         [ 8.4819e-01,  1.9838e-01,  3.5802e-01,  5.8751e-01],
         [ 8.4300e-01,  1.9154e-01,  4.4591e-01,  6.4569e-01],
         [ 9.1816e-01,  1.7597e-01,  6.6644e-01,  3.5107e-01],
         [ 8.7076e-01,  2.5352e-01,  2.4856e-01,  6.2460e-01],
         [ 8.4101e-01,  1.7037e-01,  8.3304e-01,  2.5373e-01],
         [ 8.9641e-01,  2.6207e-01,  2.2728e-01,  6.5657e-01],
         [ 9.5026e-01,  2.1373e-01,  4.2609e-01,  5.6942e-01],
         [ 9.5277e-01,  1.7732e-01,  4.9678e-01,  6.3075e-01],
         [ 9.5830e-01,  1.9980e-01,  6.6065e-01,  3.2044e-01],
         [ 9.5322e-01,  2.3647e-01,  2.2625e-01,  6.3352e-01],
         [ 9.4919e-01,  1.5519e-01,  9.0975e-01,  2.9036e-01],
         [ 9.4019e-01,  2.6214e-01,  1.9763e-01,  7.3697e-01],
         [ 3.5840e-02,  2.6814e-01,  3.7555e-01,  5.9119e-01],
         [ 3.4915e-02,  2.6010e-01,  4.6390e-01,  6.9504e-01],
         [ 5.9874e-03,  2.5020e-01,  6.6783e-01,  3.2304e-01],
         [ 1.6736e-02,  2.8862e-01,  3.0245e-01,  6.9162e-01],
         [ 2.0333e-02,  2.4593e-01,  8.3799e-01,  3.1392e-01],
         [ 1.9504e-02,  2.9248e-01,  2.5583e-01,  7.2161e-01],
         [ 1.2399e-01,  2.9672e-01,  3.3136e-01,  6.0938e-01],
         [ 1.1727e-01,  2.8143e-01,  4.5160e-01,  7.3698e-01],
         [ 1.0801e-01,  2.4366e-01,  7.1099e-01,  3.5186e-01],
         [ 1.1523e-01,  3.2173e-01,  2.9718e-01,  6.2675e-01],
         [ 4.5301e-02,  2.4727e-01,  8.9075e-01,  2.9190e-01],
         [ 1.1246e-01,  3.4888e-01,  2.5447e-01,  6.6381e-01],
         [ 1.8655e-01,  3.1551e-01,  3.5059e-01,  6.0315e-01],
         [ 1.8211e-01,  2.8858e-01,  4.4410e-01,  6.8325e-01],
         [ 1.7538e-01,  2.4665e-01,  6.8217e-01,  3.4601e-01],
         [ 1.7164e-01,  3.5385e-01,  3.2940e-01,  5.9007e-01],
         [ 1.0946e-01,  2.5783e-01,  8.4659e-01,  3.0144e-01],
         [ 1.6393e-01,  3.8870e-01,  2.8866e-01,  6.0008e-01],
         [ 2.4655e-01,  3.1070e-01,  3.3751e-01,  5.9318e-01],
         [ 2.4666e-01,  2.8462e-01,  4.3477e-01,  6.7390e-01],
         [ 2.3913e-01,  2.5101e-01,  6.7738e-01,  3.5210e-01],
         [ 2.3889e-01,  3.5247e-01,  3.2130e-01,  5.8635e-01],
         [ 1.6438e-01,  2.6174e-01,  8.7405e-01,  2.9602e-01],
         [ 2.3032e-01,  3.8920e-01,  2.8854e-01,  5.9408e-01],
         [ 3.0737e-01,  3.0857e-01,  3.3450e-01,  5.9917e-01],
         [ 3.1560e-01,  2.8897e-01,  4.2363e-01,  6.7703e-01],
         [ 3.2077e-01,  2.4794e-01,  6.5475e-01,  3.4964e-01],
         [ 2.9419e-01,  3.5259e-01,  3.0464e-01,  5.8554e-01],
         [ 2.5285e-01,  2.5959e-01,  8.5957e-01,  2.9825e-01],
         [ 2.8934e-01,  3.8670e-01,  2.7796e-01,  6.0306e-01],
         [ 3.7748e-01,  3.0852e-01,  3.3700e-01,  5.9584e-01],
         [ 3.8145e-01,  2.8711e-01,  4.3325e-01,  6.8815e-01],
         [ 3.7475e-01,  2.4952e-01,  6.5923e-01,  3.4875e-01],
         [ 3.7661e-01,  3.4645e-01,  2.9315e-01,  5.9964e-01],
         [ 3.1623e-01,  2.5762e-01,  8.9796e-01,  2.9641e-01],
         [ 3.6752e-01,  3.8388e-01,  2.6465e-01,  6.1068e-01],
         [ 4.3874e-01,  3.1474e-01,  3.4017e-01,  6.2049e-01],
         [ 4.4709e-01,  2.9851e-01,  4.2059e-01,  6.9758e-01],
         [ 4.4551e-01,  2.4473e-01,  6.6515e-01,  3.4130e-01],
         [ 4.4054e-01,  3.5972e-01,  2.9558e-01,  6.4129e-01],
         [ 3.8467e-01,  2.5702e-01,  8.9099e-01,  2.9929e-01],
         [ 4.3644e-01,  3.9014e-01,  2.7141e-01,  6.4944e-01],
         [ 5.1091e-01,  3.1533e-01,  3.4831e-01,  6.3848e-01],
         [ 5.1197e-01,  3.0559e-01,  4.3615e-01,  7.2444e-01],
         [ 5.0123e-01,  2.4747e-01,  6.8020e-01,  3.4955e-01],
         [ 5.1043e-01,  3.6615e-01,  2.9527e-01,  6.6015e-01],
         [ 4.4838e-01,  2.5308e-01,  9.1140e-01,  3.0110e-01],
         [ 5.0319e-01,  3.9621e-01,  2.6401e-01,  6.7934e-01],
         [ 5.6661e-01,  3.0811e-01,  3.3974e-01,  6.4477e-01],
         [ 5.7739e-01,  3.0432e-01,  4.3247e-01,  7.2546e-01],
         [ 5.6513e-01,  2.4890e-01,  6.5670e-01,  3.4330e-01],
         [ 5.6604e-01,  3.4926e-01,  2.9505e-01,  6.7884e-01],
         [ 5.1452e-01,  2.5189e-01,  9.0824e-01,  3.0841e-01],
         [ 5.5852e-01,  3.8180e-01,  2.6853e-01,  6.7691e-01],
         [ 6.4197e-01,  3.0183e-01,  3.4313e-01,  6.3427e-01],
         [ 6.4808e-01,  2.9488e-01,  4.3210e-01,  7.0910e-01],
         [ 6.4561e-01,  2.4456e-01,  6.6025e-01,  3.3583e-01],
         [ 6.2805e-01,  3.3514e-01,  2.9380e-01,  6.6009e-01],
         [ 5.9390e-01,  2.4927e-01,  8.7115e-01,  3.0286e-01],
         [ 6.2248e-01,  3.6230e-01,  2.6883e-01,  6.7950e-01],
         [ 7.1620e-01,  2.9343e-01,  3.3923e-01,  6.0308e-01],
         [ 7.1062e-01,  2.7799e-01,  4.4034e-01,  6.9549e-01],
         [ 6.9794e-01,  2.5038e-01,  6.8572e-01,  3.5190e-01],
         [ 7.1205e-01,  3.3055e-01,  2.9811e-01,  6.3580e-01],
         [ 6.4055e-01,  2.5245e-01,  8.9318e-01,  2.9591e-01],
         [ 7.0470e-01,  3.5810e-01,  2.6880e-01,  6.5430e-01],
         [ 7.7845e-01,  2.8333e-01,  3.6397e-01,  5.8478e-01],
         [ 7.8171e-01,  2.6372e-01,  4.3162e-01,  6.5689e-01],
         [ 8.0600e-01,  2.4824e-01,  6.9444e-01,  3.4897e-01],
         [ 7.7373e-01,  3.1516e-01,  3.1611e-01,  6.3471e-01],
         [ 7.2124e-01,  2.3810e-01,  8.5913e-01,  2.6436e-01],
         [ 7.6689e-01,  3.1117e-01,  2.8806e-01,  6.8094e-01],
         [ 8.2924e-01,  2.6945e-01,  3.3146e-01,  5.9439e-01],
         [ 8.1218e-01,  2.3874e-01,  4.6082e-01,  6.6483e-01],
         [ 8.1922e-01,  2.5003e-01,  6.5543e-01,  3.8119e-01],
         [ 8.5114e-01,  3.1133e-01,  2.7304e-01,  6.1816e-01],
         [ 7.5405e-01,  2.4912e-01,  9.1319e-01,  2.4349e-01],
         [ 8.4823e-01,  3.4103e-01,  2.4626e-01,  6.5316e-01],
         [ 8.4687e-01,  2.7550e-01,  3.3525e-01,  5.9755e-01],
         [ 8.4150e-01,  2.4923e-01,  4.4420e-01,  6.7069e-01],
         [ 9.3204e-01,  2.4427e-01,  6.5443e-01,  3.4837e-01],
         [ 8.6878e-01,  3.0546e-01,  2.4028e-01,  6.3923e-01],
         [ 8.4636e-01,  2.3144e-01,  8.1338e-01,  2.5053e-01],
         [ 8.8155e-01,  3.1194e-01,  2.1610e-01,  6.7535e-01],
         [ 9.5292e-01,  2.8377e-01,  4.2964e-01,  5.6814e-01],
         [ 9.4087e-01,  2.1891e-01,  5.0059e-01,  6.3580e-01],
         [ 9.7072e-01,  2.6605e-01,  6.6821e-01,  3.2753e-01],
         [ 9.5795e-01,  2.8735e-01,  2.2357e-01,  6.4593e-01],
         [ 9.5722e-01,  2.2051e-01,  9.2400e-01,  2.8811e-01],
         [ 9.4014e-01,  3.0772e-01,  1.8638e-01,  7.7264e-01],
         [ 2.8654e-02,  3.2456e-01,  3.8205e-01,  5.9964e-01],
         [ 3.4318e-02,  3.3007e-01,  4.5296e-01,  7.0611e-01],
         [ 1.1740e-02,  3.1195e-01,  6.4931e-01,  3.2056e-01],
         [ 1.9677e-02,  3.5390e-01,  2.8963e-01,  7.3793e-01],
         [ 2.8469e-02,  3.1127e-01,  8.6653e-01,  3.1297e-01],
         [ 2.3420e-02,  3.4855e-01,  2.5746e-01,  7.5913e-01],
         [ 1.1436e-01,  3.5303e-01,  3.3904e-01,  6.2465e-01],
         [ 1.1963e-01,  3.5551e-01,  4.4078e-01,  7.6937e-01],
         [ 1.1100e-01,  3.0844e-01,  6.9139e-01,  3.5004e-01],
         [ 1.2088e-01,  3.8313e-01,  2.7910e-01,  7.0360e-01],
         [ 6.2345e-02,  3.1044e-01,  9.5179e-01,  2.8739e-01],
         [ 1.1632e-01,  4.0128e-01,  2.5113e-01,  7.3078e-01],
         [ 1.7269e-01,  3.6518e-01,  3.5403e-01,  6.1125e-01],
         [ 1.8890e-01,  3.6169e-01,  4.4032e-01,  7.2549e-01],
         [ 1.7555e-01,  3.0880e-01,  6.6863e-01,  3.4189e-01],
         [ 1.7390e-01,  4.0293e-01,  3.0550e-01,  6.7255e-01],
         [ 1.3235e-01,  3.1890e-01,  8.8108e-01,  3.0324e-01],
         [ 1.6617e-01,  4.2353e-01,  2.7638e-01,  6.8909e-01],
         [ 2.3133e-01,  3.5527e-01,  3.4070e-01,  5.9525e-01],
         [ 2.4937e-01,  3.4692e-01,  4.2201e-01,  7.0881e-01],
         [ 2.3780e-01,  3.1206e-01,  6.6202e-01,  3.5405e-01],
         [ 2.3779e-01,  3.8491e-01,  2.9033e-01,  6.5736e-01],
         [ 1.9524e-01,  3.2425e-01,  9.0754e-01,  2.9637e-01],
         [ 2.3266e-01,  4.0692e-01,  2.7095e-01,  6.5366e-01],
         [ 2.9527e-01,  3.5175e-01,  3.4008e-01,  5.9338e-01],
         [ 3.1697e-01,  3.4455e-01,  4.1221e-01,  6.9210e-01],
         [ 3.1195e-01,  3.0973e-01,  6.5603e-01,  3.5666e-01],
         [ 2.9361e-01,  3.8371e-01,  2.7723e-01,  6.3915e-01],
         [ 2.7936e-01,  3.2466e-01,  8.7603e-01,  2.9352e-01],
         [ 2.8863e-01,  4.0350e-01,  2.5434e-01,  6.6237e-01],
         [ 3.6806e-01,  3.5231e-01,  3.3393e-01,  6.0605e-01],
         [ 3.8352e-01,  3.4613e-01,  4.1671e-01,  6.9558e-01],
         [ 3.7266e-01,  3.1070e-01,  6.6572e-01,  3.5461e-01],
         [ 3.7860e-01,  3.8571e-01,  2.6181e-01,  6.5772e-01],
         [ 3.2896e-01,  3.2284e-01,  9.2619e-01,  2.9197e-01],
         [ 3.7353e-01,  4.0646e-01,  2.4906e-01,  6.7460e-01],
         [ 4.3475e-01,  3.6163e-01,  3.4661e-01,  6.4333e-01],
         [ 4.4678e-01,  3.6790e-01,  4.0614e-01,  7.2672e-01],
         [ 4.5047e-01,  3.0273e-01,  6.6661e-01,  3.4058e-01],
         [ 4.4768e-01,  4.1316e-01,  2.6839e-01,  6.9155e-01],
         [ 3.9639e-01,  3.1883e-01,  9.0789e-01,  2.9482e-01],
         [ 4.4439e-01,  4.3179e-01,  2.6178e-01,  7.0616e-01],
         [ 5.0322e-01,  3.6696e-01,  3.5866e-01,  6.7522e-01],
         [ 5.1309e-01,  3.8491e-01,  4.3138e-01,  7.7576e-01],
         [ 4.9798e-01,  3.0622e-01,  6.8753e-01,  3.4367e-01],
         [ 5.1795e-01,  4.2630e-01,  2.7733e-01,  7.2003e-01],
         [ 4.4525e-01,  3.1375e-01,  9.2881e-01,  2.9675e-01],
         [ 5.1253e-01,  4.4556e-01,  2.6086e-01,  7.6491e-01],
         [ 5.4734e-01,  3.6554e-01,  3.4694e-01,  6.7958e-01],
         [ 5.7379e-01,  3.7850e-01,  4.2392e-01,  7.7351e-01],
         [ 5.6687e-01,  3.0563e-01,  6.5195e-01,  3.3168e-01],
         [ 5.5904e-01,  4.0949e-01,  2.8099e-01,  7.5539e-01],
         [ 5.2539e-01,  3.1332e-01,  9.0103e-01,  3.2019e-01],
         [ 5.5206e-01,  4.2424e-01,  2.7284e-01,  7.5818e-01],
         [ 6.2731e-01,  3.5858e-01,  3.4836e-01,  6.5394e-01],
         [ 6.4723e-01,  3.6502e-01,  4.2683e-01,  7.7196e-01],
         [ 6.4863e-01,  3.0316e-01,  6.4679e-01,  3.2398e-01],
         [ 6.2495e-01,  3.8680e-01,  2.8609e-01,  7.1587e-01],
         [ 6.0776e-01,  3.1003e-01,  8.5860e-01,  3.0202e-01],
         [ 6.1609e-01,  4.0305e-01,  2.7449e-01,  7.3361e-01],
         [ 7.0518e-01,  3.5338e-01,  3.3928e-01,  6.1249e-01],
         [ 7.1326e-01,  3.4975e-01,  4.2978e-01,  7.4465e-01],
         [ 7.0334e-01,  3.0944e-01,  6.8094e-01,  3.4542e-01],
         [ 7.1465e-01,  3.8504e-01,  2.9150e-01,  6.8523e-01],
         [ 6.5152e-01,  3.1588e-01,  9.0081e-01,  2.9124e-01],
         [ 7.0128e-01,  4.0264e-01,  2.6999e-01,  6.8962e-01],
         [ 7.6594e-01,  3.4052e-01,  3.6248e-01,  6.1077e-01],
         [ 7.8488e-01,  3.3013e-01,  4.2400e-01,  7.1730e-01],
         [ 8.0939e-01,  3.0998e-01,  6.9281e-01,  3.4560e-01],
         [ 7.7050e-01,  3.6075e-01,  3.1642e-01,  6.5972e-01],
         [ 7.4647e-01,  3.0245e-01,  8.4972e-01,  2.6298e-01],
         [ 7.6813e-01,  3.5406e-01,  2.8943e-01,  7.0451e-01],
         [ 8.1884e-01,  3.4046e-01,  3.3268e-01,  6.0138e-01],
         [ 8.0855e-01,  3.0049e-01,  4.4522e-01,  6.7311e-01],
         [ 8.1032e-01,  3.2176e-01,  6.5156e-01,  3.6483e-01],
         [ 8.4834e-01,  3.5875e-01,  2.7322e-01,  6.4235e-01],
         [ 7.7464e-01,  3.1425e-01,  9.1896e-01,  2.4790e-01],
         [ 8.4149e-01,  3.7435e-01,  2.3896e-01,  6.6964e-01],
         [ 8.3693e-01,  3.3019e-01,  3.2951e-01,  6.1661e-01],
         [ 8.3993e-01,  3.1795e-01,  4.2403e-01,  6.9451e-01],
         [ 9.3518e-01,  3.0644e-01,  6.2739e-01,  3.5096e-01],
         [ 8.6277e-01,  3.4621e-01,  2.3703e-01,  6.5763e-01],
         [ 8.6872e-01,  2.9690e-01,  8.0150e-01,  2.5525e-01],
         [ 8.7881e-01,  3.4712e-01,  2.1781e-01,  6.8610e-01],
         [ 9.5310e-01,  3.4873e-01,  4.3063e-01,  5.7867e-01],
         [ 9.4282e-01,  2.8566e-01,  4.9682e-01,  6.4171e-01],
         [ 9.5438e-01,  3.3552e-01,  6.7319e-01,  3.2990e-01],
         [ 9.6411e-01,  3.4072e-01,  2.2107e-01,  6.5221e-01],
         [ 9.7148e-01,  2.8481e-01,  9.1099e-01,  2.8293e-01],
         [ 9.4154e-01,  3.5793e-01,  1.8038e-01,  7.7166e-01],
         [ 3.1845e-02,  3.9349e-01,  3.7774e-01,  5.9843e-01],
         [ 3.3715e-02,  3.9234e-01,  4.4108e-01,  7.0435e-01],
         [ 1.4539e-02,  3.8151e-01,  6.6102e-01,  3.2078e-01],
         [ 2.3245e-02,  4.2964e-01,  2.8384e-01,  7.3877e-01],
         [ 1.9200e-02,  3.7950e-01,  8.6429e-01,  3.1503e-01],
         [ 2.9202e-02,  4.1944e-01,  2.5044e-01,  7.5801e-01],
         [ 1.2205e-01,  4.1641e-01,  3.3157e-01,  6.3433e-01],
         [ 1.1466e-01,  4.1105e-01,  4.2906e-01,  7.7181e-01],
         [ 1.1230e-01,  3.7864e-01,  7.0205e-01,  3.5721e-01],
         [ 1.2656e-01,  4.5971e-01,  2.6857e-01,  7.1702e-01],
         [ 4.2874e-02,  3.7783e-01,  9.5282e-01,  2.8576e-01],
         [ 1.1792e-01,  4.7186e-01,  2.3802e-01,  7.2768e-01],
         [ 1.7363e-01,  4.2315e-01,  3.3206e-01,  6.2911e-01],
         [ 1.8355e-01,  4.1672e-01,  4.2615e-01,  7.2367e-01],
         [ 1.7741e-01,  3.7814e-01,  6.5930e-01,  3.4412e-01],
         [ 1.6188e-01,  4.7169e-01,  2.8283e-01,  6.8860e-01],
         [ 1.2269e-01,  3.8494e-01,  8.8096e-01,  3.0310e-01],
         [ 1.6102e-01,  4.8581e-01,  2.6378e-01,  6.9617e-01],
         [ 2.3748e-01,  4.1051e-01,  3.2639e-01,  6.2743e-01],
         [ 2.4288e-01,  4.0390e-01,  4.1587e-01,  6.8906e-01],
         [ 2.3244e-01,  3.8415e-01,  6.7253e-01,  3.5795e-01],
         [ 2.3266e-01,  4.4251e-01,  2.6803e-01,  6.7005e-01],
         [ 1.9219e-01,  3.8493e-01,  9.1851e-01,  2.9913e-01],
         [ 2.2826e-01,  4.6662e-01,  2.5440e-01,  6.5344e-01],
         [ 3.0317e-01,  4.0215e-01,  3.3673e-01,  6.1612e-01],
         [ 3.1402e-01,  4.0466e-01,  4.1137e-01,  6.7525e-01],
         [ 2.9596e-01,  3.8006e-01,  6.4550e-01,  3.5919e-01],
         [ 2.9376e-01,  4.3282e-01,  2.6872e-01,  6.3042e-01],
         [ 2.5800e-01,  3.8478e-01,  8.9587e-01,  2.9411e-01],
         [ 2.8993e-01,  4.4925e-01,  2.4922e-01,  6.5931e-01],
         [ 3.7292e-01,  3.9875e-01,  3.3650e-01,  6.1494e-01],
         [ 3.8202e-01,  3.9603e-01,  4.1259e-01,  7.0435e-01],
         [ 3.5921e-01,  3.7421e-01,  6.6131e-01,  3.5982e-01],
         [ 3.7835e-01,  4.3369e-01,  2.6341e-01,  6.4650e-01],
         [ 3.0798e-01,  3.8373e-01,  9.2727e-01,  3.0061e-01],
         [ 3.7964e-01,  4.5086e-01,  2.4225e-01,  6.8425e-01],
         [ 4.4590e-01,  4.1456e-01,  3.4393e-01,  6.5944e-01],
         [ 4.4858e-01,  4.2113e-01,  4.1071e-01,  7.4707e-01],
         [ 4.4816e-01,  3.6546e-01,  6.6952e-01,  3.4552e-01],
         [ 4.5157e-01,  4.6985e-01,  2.7289e-01,  6.9669e-01],
         [ 3.8209e-01,  3.7849e-01,  8.7483e-01,  2.9255e-01],
         [ 4.5168e-01,  4.7216e-01,  2.5870e-01,  7.2362e-01],
         [ 5.1141e-01,  4.2511e-01,  3.6113e-01,  7.0543e-01],
         [ 5.0700e-01,  4.4297e-01,  4.2961e-01,  7.9450e-01],
         [ 5.0114e-01,  3.7036e-01,  6.8829e-01,  3.5595e-01],
         [ 5.2469e-01,  4.9357e-01,  2.7589e-01,  7.4468e-01],
         [ 4.2089e-01,  3.7594e-01,  9.4447e-01,  2.8926e-01],
         [ 5.2138e-01,  5.0551e-01,  2.6047e-01,  7.7522e-01],
         [ 5.4368e-01,  4.2866e-01,  3.4928e-01,  7.0063e-01],
         [ 5.6439e-01,  4.5075e-01,  4.2062e-01,  8.0696e-01],
         [ 5.8098e-01,  3.6671e-01,  6.4857e-01,  3.3279e-01],
         [ 5.4322e-01,  4.8689e-01,  2.8099e-01,  7.8248e-01],
         [ 5.2481e-01,  3.7711e-01,  8.9347e-01,  3.3019e-01],
         [ 5.4447e-01,  4.9925e-01,  2.7951e-01,  7.8772e-01],
         [ 6.2355e-01,  4.2826e-01,  3.4523e-01,  6.5848e-01],
         [ 6.4044e-01,  4.4350e-01,  4.3378e-01,  8.0175e-01],
         [ 6.5764e-01,  3.6823e-01,  6.6802e-01,  3.2596e-01],
         [ 6.2308e-01,  4.7306e-01,  2.8608e-01,  7.3274e-01],
         [ 6.0753e-01,  3.7213e-01,  8.8853e-01,  3.0777e-01],
         [ 6.1735e-01,  4.9127e-01,  2.7248e-01,  7.5577e-01],
         [ 6.9562e-01,  4.3133e-01,  3.3565e-01,  6.1557e-01],
         [ 7.0554e-01,  4.3214e-01,  4.3288e-01,  7.5532e-01],
         [ 7.0603e-01,  3.7840e-01,  6.7939e-01,  3.5057e-01],
         [ 7.1207e-01,  4.8191e-01,  2.8441e-01,  7.0522e-01],
         [ 6.4572e-01,  3.8260e-01,  9.1592e-01,  2.8661e-01],
         [ 7.0300e-01,  4.8911e-01,  2.6506e-01,  7.0996e-01],
         [ 7.6091e-01,  4.1587e-01,  3.6300e-01,  6.2337e-01],
         [ 7.7533e-01,  4.1034e-01,  4.2276e-01,  7.2944e-01],
         [ 8.2260e-01,  3.7892e-01,  6.8120e-01,  3.5267e-01],
         [ 7.6677e-01,  4.5904e-01,  2.9804e-01,  6.8988e-01],
         [ 7.4698e-01,  3.6893e-01,  8.6649e-01,  2.6144e-01],
         [ 7.6502e-01,  4.4264e-01,  2.7655e-01,  7.1728e-01],
         [ 8.1605e-01,  4.0819e-01,  3.3931e-01,  6.1293e-01],
         [ 8.0079e-01,  3.7873e-01,  4.4036e-01,  6.6960e-01],
         [ 8.0900e-01,  3.9311e-01,  6.4994e-01,  3.6115e-01],
         [ 8.4873e-01,  4.4733e-01,  2.5071e-01,  6.7110e-01],
         [ 7.6965e-01,  3.7847e-01,  9.4324e-01,  2.5268e-01],
         [ 8.4294e-01,  4.6074e-01,  2.3558e-01,  6.8442e-01],
         [ 8.3819e-01,  3.9175e-01,  3.4272e-01,  6.3319e-01],
         [ 8.3427e-01,  3.9515e-01,  4.2724e-01,  6.8959e-01],
         [ 9.3173e-01,  3.7251e-01,  6.3902e-01,  3.5248e-01],
         [ 8.5858e-01,  4.2686e-01,  2.3784e-01,  6.5598e-01],
         [ 8.6185e-01,  3.5768e-01,  7.9942e-01,  2.6254e-01],
         [ 8.7704e-01,  4.1376e-01,  2.2693e-01,  7.0450e-01],
         [ 9.5403e-01,  4.0862e-01,  4.4253e-01,  5.8500e-01],
         [ 9.4844e-01,  3.6455e-01,  5.2035e-01,  6.4220e-01],
         [ 9.3911e-01,  4.0042e-01,  6.7954e-01,  3.2461e-01],
         [ 9.6859e-01,  4.1899e-01,  2.2184e-01,  6.4404e-01],
         [ 9.4676e-01,  3.4805e-01,  9.0855e-01,  2.8629e-01],
         [ 9.4596e-01,  4.3742e-01,  1.8968e-01,  7.6969e-01],
         [ 2.8549e-02,  4.4870e-01,  3.7134e-01,  6.1047e-01],
         [ 3.3322e-02,  4.4010e-01,  4.3166e-01,  7.2533e-01],
         [ 1.3666e-02,  4.4932e-01,  6.4939e-01,  3.2247e-01],
         [ 2.4768e-02,  4.7870e-01,  2.7558e-01,  7.5044e-01],
         [ 2.5562e-02,  4.4586e-01,  8.4714e-01,  3.1137e-01],
         [ 2.6269e-02,  4.6585e-01,  2.3942e-01,  7.5795e-01],
         [ 1.1615e-01,  4.6543e-01,  3.1333e-01,  6.5735e-01],
         [ 1.1406e-01,  4.5835e-01,  4.0528e-01,  8.0711e-01],
         [ 1.1017e-01,  4.4526e-01,  6.7655e-01,  3.6063e-01],
         [ 1.2872e-01,  4.8900e-01,  2.4813e-01,  7.4393e-01],
         [ 5.9475e-02,  4.4501e-01,  9.4384e-01,  2.8277e-01],
         [ 1.2037e-01,  4.9271e-01,  2.2386e-01,  7.4230e-01],
         [ 1.6227e-01,  4.6925e-01,  3.2440e-01,  6.4824e-01],
         [ 1.8024e-01,  4.5370e-01,  3.9380e-01,  7.5949e-01],
         [ 1.8367e-01,  4.4288e-01,  6.5027e-01,  3.4266e-01],
         [ 1.5611e-01,  4.9239e-01,  2.6617e-01,  7.1201e-01],
         [ 1.5295e-01,  4.4683e-01,  8.9647e-01,  3.0026e-01],
         [ 1.5660e-01,  4.9873e-01,  2.4131e-01,  7.2573e-01],
         [ 2.2914e-01,  4.5424e-01,  3.2628e-01,  6.2892e-01],
         [ 2.3824e-01,  4.4016e-01,  4.0035e-01,  7.2789e-01],
         [ 2.3498e-01,  4.4963e-01,  6.7587e-01,  3.5500e-01],
         [ 2.2998e-01,  4.7044e-01,  2.5843e-01,  7.0620e-01],
         [ 2.0947e-01,  4.4609e-01,  9.1223e-01,  2.9969e-01],
         [ 2.2828e-01,  4.7529e-01,  2.3967e-01,  7.1885e-01],
         [ 2.9742e-01,  4.4086e-01,  3.3917e-01,  6.2462e-01],
         [ 3.1307e-01,  4.4368e-01,  4.0050e-01,  7.1719e-01],
         [ 2.9324e-01,  4.4875e-01,  6.5060e-01,  3.5948e-01],
         [ 3.0032e-01,  4.6179e-01,  2.6856e-01,  6.8469e-01],
         [ 2.6370e-01,  4.4770e-01,  9.0713e-01,  2.8439e-01],
         [ 2.9408e-01,  4.6606e-01,  2.4849e-01,  6.9496e-01],
         [ 3.7050e-01,  4.4113e-01,  3.3617e-01,  6.2623e-01],
         [ 3.8773e-01,  4.3933e-01,  3.9184e-01,  7.4107e-01],
         [ 3.6956e-01,  4.4159e-01,  6.4671e-01,  3.5506e-01],
         [ 3.8231e-01,  4.7524e-01,  2.6325e-01,  6.9978e-01],
         [ 3.2064e-01,  4.4801e-01,  9.3061e-01,  2.9573e-01],
         [ 3.7793e-01,  4.5426e-01,  2.4033e-01,  7.1327e-01],
         [ 4.5189e-01,  4.5894e-01,  3.3800e-01,  6.8025e-01],
         [ 4.5187e-01,  4.5912e-01,  3.9323e-01,  8.0631e-01],
         [ 4.5947e-01,  4.3459e-01,  6.6050e-01,  3.4806e-01],
         [ 4.6652e-01,  5.0141e-01,  2.7370e-01,  7.4007e-01],
         [ 3.8512e-01,  4.3584e-01,  8.7125e-01,  2.7704e-01],
         [ 4.6196e-01,  4.8510e-01,  2.5004e-01,  7.5116e-01],
         [ 5.1044e-01,  4.8152e-01,  3.4820e-01,  7.4682e-01],
         [ 5.0967e-01,  4.8135e-01,  4.1515e-01,  8.3758e-01],
         [ 4.9746e-01,  4.4017e-01,  6.7801e-01,  3.6836e-01],
         [ 5.3201e-01,  5.3990e-01,  2.6550e-01,  7.9385e-01],
         [ 4.3609e-01,  4.4218e-01,  9.2146e-01,  2.8682e-01],
         [ 5.2865e-01,  5.2347e-01,  2.4491e-01,  7.8809e-01],
         [ 5.3554e-01,  4.8700e-01,  3.4282e-01,  7.2319e-01],
         [ 5.4849e-01,  5.0583e-01,  4.0322e-01,  8.4183e-01],
         [ 5.8602e-01,  4.2737e-01,  6.4289e-01,  3.3702e-01],
         [ 5.3120e-01,  5.3494e-01,  2.7171e-01,  8.2166e-01],
         [ 5.3677e-01,  4.3873e-01,  8.9034e-01,  3.3448e-01],
         [ 5.3967e-01,  5.5106e-01,  2.6208e-01,  8.0103e-01],
         [ 6.2067e-01,  4.9401e-01,  3.3962e-01,  6.6662e-01],
         [ 6.2478e-01,  5.0639e-01,  4.3354e-01,  8.3163e-01],
         [ 6.5808e-01,  4.3489e-01,  6.9149e-01,  3.4166e-01],
         [ 6.1808e-01,  5.4710e-01,  2.8248e-01,  7.5585e-01],
         [ 5.9809e-01,  4.3495e-01,  9.1783e-01,  3.0763e-01],
         [ 6.1940e-01,  5.6625e-01,  2.4950e-01,  7.7650e-01],
         [ 6.8879e-01,  5.0050e-01,  3.2471e-01,  6.3974e-01],
         [ 6.9950e-01,  5.0505e-01,  4.2935e-01,  7.7586e-01],
         [ 7.0480e-01,  4.4571e-01,  6.7848e-01,  3.5344e-01],
         [ 7.0244e-01,  5.6035e-01,  2.6409e-01,  7.1311e-01],
         [ 6.4024e-01,  4.4831e-01,  9.2235e-01,  2.8923e-01],
         [ 6.9906e-01,  5.7777e-01,  2.4772e-01,  6.9401e-01],
         [ 7.6010e-01,  4.8466e-01,  3.5387e-01,  6.2966e-01],
         [ 7.7071e-01,  4.7869e-01,  4.1562e-01,  7.4743e-01],
         [ 8.1598e-01,  4.4436e-01,  6.9240e-01,  3.4758e-01],
         [ 7.5947e-01,  5.2547e-01,  2.7685e-01,  6.8007e-01],
         [ 7.5035e-01,  4.3293e-01,  8.5953e-01,  2.5952e-01],
         [ 7.6313e-01,  5.2935e-01,  2.5987e-01,  6.9057e-01],
         [ 8.1287e-01,  4.7210e-01,  3.4763e-01,  6.0864e-01],
         [ 7.9775e-01,  4.3880e-01,  4.3469e-01,  6.7366e-01],
         [ 8.0864e-01,  4.5401e-01,  6.7074e-01,  3.6035e-01],
         [ 8.4683e-01,  5.0663e-01,  2.4674e-01,  6.6728e-01],
         [ 7.6032e-01,  4.4221e-01,  9.1348e-01,  2.4964e-01],
         [ 8.4208e-01,  5.3485e-01,  2.3115e-01,  6.8720e-01],
         [ 8.4271e-01,  4.5533e-01,  3.4301e-01,  6.2711e-01],
         [ 8.3598e-01,  4.4928e-01,  4.2970e-01,  7.0236e-01],
         [ 9.3798e-01,  4.3134e-01,  6.6056e-01,  3.5397e-01],
         [ 8.5845e-01,  4.8848e-01,  2.5162e-01,  6.5118e-01],
         [ 8.3511e-01,  4.2189e-01,  8.0444e-01,  2.5046e-01],
         [ 8.7609e-01,  4.7869e-01,  2.3671e-01,  7.1348e-01],
         [ 9.6125e-01,  4.7278e-01,  4.2999e-01,  5.9172e-01],
         [ 9.5178e-01,  4.2425e-01,  5.1578e-01,  6.4014e-01],
         [ 9.5525e-01,  4.6432e-01,  6.7126e-01,  3.1934e-01],
         [ 9.6710e-01,  4.8865e-01,  2.3298e-01,  6.6397e-01],
         [ 9.3543e-01,  4.1693e-01,  9.1172e-01,  2.8733e-01],
         [ 9.4465e-01,  4.9714e-01,  2.0687e-01,  7.5925e-01],
         [ 2.1729e-02,  5.0343e-01,  3.6667e-01,  6.1849e-01],
         [ 3.5419e-02,  4.9957e-01,  4.1790e-01,  7.3807e-01],
         [ 5.8842e-03,  5.1850e-01,  6.2750e-01,  3.3026e-01],
         [ 2.1543e-02,  5.2781e-01,  2.6545e-01,  7.5650e-01],
         [ 3.2736e-02,  5.1144e-01,  8.7169e-01,  3.1042e-01],
         [ 2.3990e-02,  5.0841e-01,  2.2800e-01,  7.7360e-01],
         [ 1.0888e-01,  5.1347e-01,  3.0269e-01,  6.6343e-01],
         [ 1.1112e-01,  5.0543e-01,  3.8464e-01,  8.1376e-01],
         [ 1.0192e-01,  5.1348e-01,  6.4921e-01,  3.7015e-01],
         [ 1.2784e-01,  5.2527e-01,  2.2818e-01,  7.7372e-01],
         [ 7.3523e-02,  5.0919e-01,  9.6159e-01,  2.8669e-01],
         [ 1.2308e-01,  5.2334e-01,  2.0345e-01,  7.7190e-01],
         [ 1.5870e-01,  5.1173e-01,  3.1672e-01,  6.5146e-01],
         [ 1.7820e-01,  4.9769e-01,  3.7836e-01,  7.7013e-01],
         [ 1.7388e-01,  5.1157e-01,  6.3712e-01,  3.5877e-01],
         [ 1.5486e-01,  5.2445e-01,  2.4038e-01,  7.2550e-01],
         [ 1.6998e-01,  5.1248e-01,  9.2516e-01,  2.9849e-01],
         [ 1.5380e-01,  5.2005e-01,  2.1305e-01,  7.3783e-01],
         [ 2.2851e-01,  4.9681e-01,  3.2343e-01,  6.1636e-01],
         [ 2.4356e-01,  4.8965e-01,  3.8958e-01,  7.6414e-01],
         [ 2.2915e-01,  5.1292e-01,  6.7662e-01,  3.5529e-01],
         [ 2.3226e-01,  5.0562e-01,  2.4049e-01,  7.0044e-01],
         [ 2.2189e-01,  5.1014e-01,  9.2505e-01,  3.0020e-01],
         [ 2.3234e-01,  5.1154e-01,  2.1674e-01,  7.2484e-01],
         [ 2.9664e-01,  4.9159e-01,  3.3225e-01,  6.2716e-01],
         [ 3.1369e-01,  4.9133e-01,  3.9211e-01,  7.3670e-01],
         [ 2.8584e-01,  5.1336e-01,  6.5853e-01,  3.6252e-01],
         [ 3.0487e-01,  4.9539e-01,  2.5973e-01,  6.9433e-01],
         [ 2.7855e-01,  5.1501e-01,  9.3864e-01,  2.9251e-01],
         [ 3.0207e-01,  4.9305e-01,  2.3488e-01,  7.0196e-01],
         [ 3.6681e-01,  4.8998e-01,  3.3501e-01,  6.4716e-01],
         [ 3.8337e-01,  4.9068e-01,  3.8523e-01,  7.5169e-01],
         [ 3.6511e-01,  5.0875e-01,  6.4879e-01,  3.6962e-01],
         [ 3.8280e-01,  5.0146e-01,  2.6159e-01,  7.2257e-01],
         [ 3.4108e-01,  5.1294e-01,  9.2118e-01,  2.9047e-01],
         [ 3.7808e-01,  4.7956e-01,  2.3367e-01,  7.2005e-01],
         [ 4.4791e-01,  5.1124e-01,  3.3054e-01,  7.0814e-01],
         [ 4.4794e-01,  4.9897e-01,  3.9407e-01,  8.2945e-01],
         [ 4.4581e-01,  5.0367e-01,  6.5674e-01,  3.6771e-01],
         [ 4.7603e-01,  5.1730e-01,  2.6283e-01,  7.5957e-01],
         [ 4.0797e-01,  5.0024e-01,  8.3982e-01,  2.6335e-01],
         [ 4.6559e-01,  4.9791e-01,  2.3598e-01,  7.5622e-01],
         [ 4.9993e-01,  5.3007e-01,  3.3135e-01,  7.4450e-01],
         [ 5.1126e-01,  5.0940e-01,  3.9346e-01,  8.4981e-01],
         [ 4.7558e-01,  5.0369e-01,  6.2986e-01,  3.7454e-01],
         [ 5.3529e-01,  5.4196e-01,  2.4595e-01,  7.9359e-01],
         [ 4.5697e-01,  5.0913e-01,  8.8411e-01,  2.8160e-01],
         [ 5.3176e-01,  5.2566e-01,  2.2712e-01,  7.9321e-01],
         [ 5.2829e-01,  5.3719e-01,  3.1764e-01,  7.4407e-01],
         [ 5.4732e-01,  5.3059e-01,  3.7918e-01,  8.4870e-01],
         [ 5.8736e-01,  4.9090e-01,  6.0906e-01,  3.3689e-01],
         [ 5.2978e-01,  5.4284e-01,  2.5408e-01,  8.2728e-01],
         [ 5.7260e-01,  5.0372e-01,  8.4027e-01,  3.3672e-01],
         [ 5.3615e-01,  5.4948e-01,  2.4079e-01,  8.0455e-01],
         [ 6.1899e-01,  5.4048e-01,  3.1893e-01,  6.8561e-01],
         [ 6.1924e-01,  5.4586e-01,  4.0405e-01,  8.3781e-01],
         [ 6.4638e-01,  5.0094e-01,  6.8435e-01,  3.6463e-01],
         [ 6.2211e-01,  5.7115e-01,  2.5528e-01,  7.6763e-01],
         [ 6.0920e-01,  4.9971e-01,  9.1393e-01,  2.9843e-01],
         [ 6.2899e-01,  5.8272e-01,  2.2324e-01,  7.6969e-01],
         [ 6.7823e-01,  5.5226e-01,  3.1457e-01,  6.5964e-01],
         [ 6.8987e-01,  5.4241e-01,  3.9658e-01,  7.7951e-01],
         [ 6.9823e-01,  5.1357e-01,  6.4776e-01,  3.6657e-01],
         [ 6.8609e-01,  6.0206e-01,  2.3535e-01,  7.4976e-01],
         [ 6.5944e-01,  5.1159e-01,  9.2877e-01,  3.0037e-01],
         [ 6.9219e-01,  6.0805e-01,  2.1822e-01,  7.1208e-01],
         [ 7.6379e-01,  5.3223e-01,  3.3817e-01,  6.4817e-01],
         [ 7.5560e-01,  5.1201e-01,  4.0313e-01,  7.6873e-01],
         [ 8.1135e-01,  5.1188e-01,  6.6739e-01,  3.5369e-01],
         [ 7.5009e-01,  5.5455e-01,  2.4733e-01,  6.9848e-01],
         [ 7.6282e-01,  4.9490e-01,  8.5292e-01,  2.6397e-01],
         [ 7.5429e-01,  5.6753e-01,  2.3816e-01,  7.0259e-01],
         [ 8.1314e-01,  5.2176e-01,  3.3959e-01,  6.0590e-01],
         [ 7.8734e-01,  4.9687e-01,  4.2382e-01,  6.9941e-01],
         [ 8.1940e-01,  5.1237e-01,  6.7186e-01,  3.5830e-01],
         [ 8.4689e-01,  5.3772e-01,  2.4122e-01,  6.9320e-01],
         [ 7.6890e-01,  5.0491e-01,  8.8287e-01,  2.4440e-01],
         [ 8.3986e-01,  5.7019e-01,  2.2976e-01,  7.0484e-01],
         [ 8.4042e-01,  5.2037e-01,  3.3721e-01,  6.4588e-01],
         [ 8.3413e-01,  5.1030e-01,  4.3533e-01,  7.3054e-01],
         [ 9.3499e-01,  4.9150e-01,  6.5925e-01,  3.6162e-01],
         [ 8.6230e-01,  5.3176e-01,  2.6632e-01,  6.4725e-01],
         [ 8.3879e-01,  4.9082e-01,  8.1616e-01,  2.4351e-01],
         [ 8.7889e-01,  5.2728e-01,  2.3587e-01,  7.1757e-01],
         [ 9.4889e-01,  5.4951e-01,  4.2714e-01,  5.9447e-01],
         [ 9.4259e-01,  4.8696e-01,  5.0844e-01,  6.6021e-01],
         [ 9.5757e-01,  5.2944e-01,  6.7382e-01,  3.2317e-01],
         [ 9.5978e-01,  5.3762e-01,  2.4464e-01,  6.8479e-01],
         [ 9.5441e-01,  4.8534e-01,  8.7920e-01,  2.9208e-01],
         [ 9.4116e-01,  5.5191e-01,  2.0602e-01,  7.7786e-01],
         [ 1.8331e-02,  5.5572e-01,  3.6083e-01,  6.2919e-01],
         [ 3.4033e-02,  5.5546e-01,  4.0914e-01,  7.2425e-01],
         [-7.1319e-03,  5.8947e-01,  6.2201e-01,  3.4002e-01],
         [ 2.1256e-02,  5.7626e-01,  2.5448e-01,  7.6605e-01],
         [ 3.2392e-02,  5.7744e-01,  8.8423e-01,  3.0488e-01],
         [ 2.1609e-02,  5.5432e-01,  2.2021e-01,  7.5098e-01],
         [ 1.0668e-01,  5.6294e-01,  2.9172e-01,  6.6488e-01],
         [ 1.0746e-01,  5.5298e-01,  3.6709e-01,  7.9178e-01],
         [ 8.7779e-02,  5.8531e-01,  6.3436e-01,  3.7659e-01],
         [ 1.2394e-01,  5.6782e-01,  2.1235e-01,  7.8075e-01],
         [ 7.0769e-02,  5.7406e-01,  9.8321e-01,  2.9390e-01],
         [ 1.2037e-01,  5.5912e-01,  1.9402e-01,  7.7236e-01],
         [ 1.6169e-01,  5.5405e-01,  3.0600e-01,  6.6490e-01],
         [ 1.7454e-01,  5.4735e-01,  3.6794e-01,  7.7286e-01],
         [ 1.4892e-01,  5.8465e-01,  6.1965e-01,  3.6736e-01],
         [ 1.5979e-01,  5.5985e-01,  2.2472e-01,  7.2815e-01],
         [ 1.5346e-01,  5.7600e-01,  9.5313e-01,  2.9543e-01],
         [ 1.5750e-01,  5.5944e-01,  1.9979e-01,  7.4032e-01],
         [ 2.2864e-01,  5.4181e-01,  3.0812e-01,  6.4070e-01],
         [ 2.4781e-01,  5.4557e-01,  3.8142e-01,  7.5969e-01],
         [ 2.1730e-01,  5.8130e-01,  6.4098e-01,  3.5717e-01],
         [ 2.3091e-01,  5.4720e-01,  2.2719e-01,  7.0487e-01],
         [ 2.1435e-01,  5.7438e-01,  9.3156e-01,  3.0201e-01],
         [ 2.3260e-01,  5.3943e-01,  2.0556e-01,  7.3700e-01],
         [ 3.0217e-01,  5.3146e-01,  3.2446e-01,  6.3735e-01],
         [ 3.1025e-01,  5.4185e-01,  3.7563e-01,  7.4941e-01],
         [ 2.7710e-01,  5.8176e-01,  6.4070e-01,  3.6670e-01],
         [ 3.0934e-01,  5.2739e-01,  2.4581e-01,  6.9280e-01],
         [ 2.6610e-01,  5.7597e-01,  9.4145e-01,  2.9935e-01],
         [ 3.0959e-01,  5.1532e-01,  2.2332e-01,  7.0321e-01],
         [ 3.7003e-01,  5.3439e-01,  3.2815e-01,  6.5602e-01],
         [ 3.8390e-01,  5.4022e-01,  3.7392e-01,  7.3867e-01],
         [ 3.5461e-01,  5.8000e-01,  6.3369e-01,  3.7677e-01],
         [ 3.8294e-01,  5.3722e-01,  2.5181e-01,  7.1785e-01],
         [ 3.2976e-01,  5.7337e-01,  9.0669e-01,  2.8741e-01],
         [ 3.7625e-01,  5.0441e-01,  2.3022e-01,  7.2378e-01],
         [ 4.5367e-01,  5.5140e-01,  3.1779e-01,  6.8762e-01],
         [ 4.4933e-01,  5.4102e-01,  3.8971e-01,  8.2187e-01],
         [ 4.2726e-01,  5.7332e-01,  6.3537e-01,  3.9699e-01],
         [ 4.7779e-01,  5.4743e-01,  2.4868e-01,  7.5616e-01],
         [ 3.9877e-01,  5.6538e-01,  8.3002e-01,  2.5765e-01],
         [ 4.6744e-01,  5.2555e-01,  2.3206e-01,  7.4969e-01],
         [ 4.9718e-01,  5.6395e-01,  3.2407e-01,  7.2511e-01],
         [ 5.1282e-01,  5.4060e-01,  3.7544e-01,  8.0638e-01],
         [ 4.7166e-01,  5.7340e-01,  5.8701e-01,  3.8556e-01],
         [ 5.3487e-01,  5.5052e-01,  2.2860e-01,  7.8846e-01],
         [ 4.7192e-01,  5.7511e-01,  8.9307e-01,  2.7768e-01],
         [ 5.2798e-01,  5.3724e-01,  2.2448e-01,  7.6423e-01],
         [ 5.3198e-01,  5.7633e-01,  3.0246e-01,  7.2103e-01],
         [ 5.4572e-01,  5.5833e-01,  3.5665e-01,  8.1399e-01],
         [ 5.8059e-01,  5.6238e-01,  5.8270e-01,  3.6178e-01],
         [ 5.4242e-01,  5.4658e-01,  2.4052e-01,  8.1590e-01],
         [ 5.8403e-01,  5.6656e-01,  8.3605e-01,  3.1795e-01],
         [ 5.4227e-01,  5.5704e-01,  2.3300e-01,  8.3995e-01],
         [ 6.1095e-01,  5.7902e-01,  3.1782e-01,  7.0165e-01],
         [ 6.1555e-01,  5.7326e-01,  3.9362e-01,  8.2788e-01],
         [ 6.1519e-01,  5.6865e-01,  6.4874e-01,  3.8795e-01],
         [ 6.3667e-01,  5.8620e-01,  2.3508e-01,  7.6995e-01],
         [ 6.0722e-01,  5.6878e-01,  9.1734e-01,  2.9259e-01],
         [ 6.4552e-01,  5.8913e-01,  2.1233e-01,  8.0914e-01],
         [ 6.5986e-01,  5.9184e-01,  3.1330e-01,  6.8443e-01],
         [ 6.8945e-01,  5.8907e-01,  3.7303e-01,  8.0636e-01],
         [ 6.7465e-01,  5.7463e-01,  6.1937e-01,  3.5779e-01],
         [ 6.7579e-01,  6.1562e-01,  2.2172e-01,  7.6893e-01],
         [ 6.7025e-01,  5.7623e-01,  9.0129e-01,  3.1518e-01],
         [ 6.8411e-01,  6.1662e-01,  2.0846e-01,  7.5989e-01],
         [ 7.5826e-01,  5.6935e-01,  3.3385e-01,  6.6949e-01],
         [ 7.5532e-01,  5.5587e-01,  3.8837e-01,  8.0467e-01],
         [ 7.9546e-01,  5.7489e-01,  6.6078e-01,  3.5007e-01],
         [ 7.4721e-01,  5.6478e-01,  2.4244e-01,  7.0261e-01],
         [ 7.6547e-01,  5.5802e-01,  8.6831e-01,  2.7714e-01],
         [ 7.5240e-01,  5.8445e-01,  2.3026e-01,  7.4468e-01],
         [ 8.1243e-01,  5.6712e-01,  3.2549e-01,  6.1828e-01],
         [ 7.8889e-01,  5.5268e-01,  4.1511e-01,  7.1326e-01],
         [ 8.1459e-01,  5.7607e-01,  6.4877e-01,  3.5552e-01],
         [ 8.4636e-01,  5.6644e-01,  2.4894e-01,  6.8747e-01],
         [ 7.5717e-01,  5.6698e-01,  8.5282e-01,  2.4136e-01],
         [ 8.4529e-01,  5.9323e-01,  2.3465e-01,  7.2825e-01],
         [ 8.4310e-01,  5.7445e-01,  3.3459e-01,  6.4328e-01],
         [ 8.3188e-01,  5.7323e-01,  4.3062e-01,  7.3656e-01],
         [ 9.2803e-01,  5.6023e-01,  6.4668e-01,  3.6937e-01],
         [ 8.6816e-01,  5.8964e-01,  2.6517e-01,  6.4720e-01],
         [ 8.2302e-01,  5.6170e-01,  8.1381e-01,  2.3707e-01],
         [ 8.8408e-01,  5.8110e-01,  2.3459e-01,  7.2381e-01],
         [ 9.3923e-01,  6.1356e-01,  4.2202e-01,  5.9919e-01],
         [ 9.3878e-01,  5.6189e-01,  4.9499e-01,  6.6660e-01],
         [ 9.6952e-01,  5.9075e-01,  6.6281e-01,  3.1643e-01],
         [ 9.4531e-01,  6.0091e-01,  2.3784e-01,  6.8974e-01],
         [ 9.5724e-01,  5.5031e-01,  8.7902e-01,  2.8784e-01],
         [ 9.3219e-01,  6.1170e-01,  2.0624e-01,  7.8648e-01],
         [ 1.6074e-02,  6.1083e-01,  3.6433e-01,  6.2558e-01],
         [ 3.2631e-02,  6.0753e-01,  4.0463e-01,  7.0139e-01],
         [-1.2189e-02,  6.5950e-01,  6.1579e-01,  3.4343e-01],
         [ 2.5575e-02,  6.2705e-01,  2.5255e-01,  7.5981e-01],
         [ 2.5574e-02,  6.4316e-01,  8.9277e-01,  3.0995e-01],
         [ 2.2845e-02,  5.9136e-01,  2.2353e-01,  7.5412e-01],
         [ 1.0266e-01,  6.0075e-01,  2.9614e-01,  6.6592e-01],
         [ 1.1301e-01,  6.0136e-01,  3.6268e-01,  7.8364e-01],
         [ 7.5698e-02,  6.5191e-01,  6.1045e-01,  3.7296e-01],
         [ 1.1967e-01,  5.9720e-01,  2.1136e-01,  7.6166e-01],
         [ 7.5720e-02,  6.3971e-01,  9.3345e-01,  2.9551e-01],
         [ 1.1436e-01,  5.7773e-01,  2.0078e-01,  7.6912e-01],
         [ 1.5618e-01,  5.8819e-01,  2.9770e-01,  6.6510e-01],
         [ 1.8003e-01,  5.9630e-01,  3.6059e-01,  7.5933e-01],
         [ 1.3440e-01,  6.5021e-01,  6.0678e-01,  3.6822e-01],
         [ 1.6697e-01,  5.7837e-01,  2.1814e-01,  7.3196e-01],
         [ 1.4880e-01,  6.4043e-01,  9.5136e-01,  2.9543e-01],
         [ 1.6347e-01,  5.6412e-01,  2.0901e-01,  7.3468e-01],
         [ 2.2615e-01,  5.7733e-01,  3.0778e-01,  6.4847e-01],
         [ 2.5181e-01,  5.8954e-01,  3.6825e-01,  7.5022e-01],
         [ 2.0597e-01,  6.4922e-01,  6.0619e-01,  3.6395e-01],
         [ 2.3105e-01,  5.6857e-01,  2.2869e-01,  7.0196e-01],
         [ 2.1752e-01,  6.3820e-01,  9.2370e-01,  2.9454e-01],
         [ 2.3139e-01,  5.4008e-01,  2.1585e-01,  7.3442e-01],
         [ 3.0016e-01,  5.7011e-01,  3.1533e-01,  6.3552e-01],
         [ 3.1931e-01,  5.8042e-01,  3.6485e-01,  7.4135e-01],
         [ 2.7415e-01,  6.5521e-01,  6.2306e-01,  3.7195e-01],
         [ 3.1414e-01,  5.5670e-01,  2.4368e-01,  6.9286e-01],
         [ 2.6956e-01,  6.3987e-01,  9.2686e-01,  2.9576e-01],
         [ 3.0987e-01,  5.1756e-01,  2.2688e-01,  7.0121e-01],
         [ 3.6462e-01,  5.6765e-01,  3.2058e-01,  6.3373e-01],
         [ 3.8435e-01,  5.7214e-01,  3.6481e-01,  7.5073e-01],
         [ 3.4437e-01,  6.5117e-01,  6.2416e-01,  3.8996e-01],
         [ 3.8040e-01,  5.5041e-01,  2.5016e-01,  6.9025e-01],
         [ 3.3453e-01,  6.3905e-01,  8.7256e-01,  2.8166e-01],
         [ 3.7321e-01,  5.0986e-01,  2.3686e-01,  6.9711e-01],
         [ 4.5032e-01,  5.8589e-01,  3.0341e-01,  6.5953e-01],
         [ 4.5362e-01,  5.6997e-01,  3.7197e-01,  7.9023e-01],
         [ 4.1166e-01,  6.4377e-01,  6.1220e-01,  4.0740e-01],
         [ 4.6821e-01,  5.5339e-01,  2.4637e-01,  7.2329e-01],
         [ 4.1025e-01,  6.3824e-01,  8.2696e-01,  2.5848e-01],
         [ 4.6311e-01,  5.2300e-01,  2.3595e-01,  7.1256e-01],
         [ 5.0778e-01,  5.9226e-01,  3.1521e-01,  6.8722e-01],
         [ 5.0618e-01,  5.6436e-01,  3.4951e-01,  7.5275e-01],
         [ 4.6812e-01,  6.4349e-01,  6.0300e-01,  4.0988e-01],
         [ 5.3122e-01,  5.5281e-01,  2.3197e-01,  7.5961e-01],
         [ 4.8257e-01,  6.4344e-01,  8.7721e-01,  2.7995e-01],
         [ 5.2191e-01,  5.3935e-01,  2.2884e-01,  7.1945e-01],
         [ 5.4704e-01,  6.0269e-01,  3.0316e-01,  6.9109e-01],
         [ 5.5658e-01,  5.8506e-01,  3.5728e-01,  7.8316e-01],
         [ 5.5742e-01,  6.2908e-01,  5.8499e-01,  3.9451e-01],
         [ 5.4961e-01,  5.4966e-01,  2.3872e-01,  7.4592e-01],
         [ 5.7109e-01,  6.3504e-01,  8.2358e-01,  2.9163e-01],
         [ 5.5211e-01,  5.6027e-01,  2.3729e-01,  7.8543e-01],
         [ 6.2417e-01,  6.0057e-01,  3.1268e-01,  6.7488e-01],
         [ 6.2468e-01,  5.9563e-01,  3.7470e-01,  7.9983e-01],
         [ 6.0525e-01,  6.3377e-01,  6.2512e-01,  4.0198e-01],
         [ 6.4834e-01,  5.8418e-01,  2.2972e-01,  7.5685e-01],
         [ 5.9936e-01,  6.4135e-01,  9.0332e-01,  2.8741e-01],
         [ 6.5404e-01,  5.8506e-01,  2.2974e-01,  7.7190e-01],
         [ 6.6381e-01,  6.0803e-01,  3.0732e-01,  6.7374e-01],
         [ 6.8976e-01,  6.1143e-01,  3.5634e-01,  7.8227e-01],
         [ 6.7125e-01,  6.3606e-01,  5.7988e-01,  3.6499e-01],
         [ 6.6981e-01,  5.9547e-01,  2.2506e-01,  7.6489e-01],
         [ 6.8432e-01,  6.4162e-01,  8.8019e-01,  3.1506e-01],
         [ 6.7853e-01,  5.9656e-01,  2.2634e-01,  7.6995e-01],
         [ 7.5351e-01,  5.9839e-01,  3.2028e-01,  6.6843e-01],
         [ 7.5922e-01,  5.9365e-01,  3.8128e-01,  7.9882e-01],
         [ 7.9008e-01,  6.3739e-01,  6.3527e-01,  3.5769e-01],
         [ 7.4459e-01,  5.6569e-01,  2.4004e-01,  7.0844e-01],
         [ 7.7112e-01,  6.2533e-01,  8.5437e-01,  2.7294e-01],
         [ 7.4901e-01,  5.7010e-01,  2.4323e-01,  7.6368e-01],
         [ 8.1237e-01,  6.0898e-01,  3.2414e-01,  6.1166e-01],
         [ 7.9514e-01,  5.9951e-01,  3.9905e-01,  7.2386e-01],
         [ 8.1478e-01,  6.3938e-01,  6.2486e-01,  3.6161e-01],
         [ 8.4144e-01,  5.8126e-01,  2.5743e-01,  6.6872e-01],
         [ 7.7448e-01,  6.3312e-01,  8.4042e-01,  2.3488e-01],
         [ 8.4655e-01,  5.9276e-01,  2.4700e-01,  7.2301e-01],
         [ 8.4889e-01,  6.3435e-01,  3.3109e-01,  6.3608e-01],
         [ 8.3333e-01,  6.3112e-01,  4.1583e-01,  7.1174e-01],
         [ 9.2461e-01,  6.3243e-01,  6.3029e-01,  3.7393e-01],
         [ 8.7585e-01,  6.3179e-01,  2.6459e-01,  6.4696e-01],
         [ 8.3208e-01,  6.3346e-01,  8.0032e-01,  2.3247e-01],
         [ 8.8409e-01,  6.1559e-01,  2.3764e-01,  7.0761e-01],
         [ 9.3609e-01,  6.7184e-01,  4.2185e-01,  5.9733e-01],
         [ 9.3404e-01,  6.2321e-01,  4.8200e-01,  6.4856e-01],
         [ 9.8398e-01,  6.4893e-01,  6.5635e-01,  3.2089e-01],
         [ 9.3551e-01,  6.4868e-01,  2.3822e-01,  6.7736e-01],
         [ 9.6931e-01,  6.2045e-01,  8.7459e-01,  2.8511e-01],
         [ 9.2803e-01,  6.5863e-01,  2.0864e-01,  7.7660e-01],
         [ 1.7437e-02,  6.6167e-01,  3.7050e-01,  6.2518e-01],
         [ 3.2502e-02,  6.6464e-01,  4.0016e-01,  7.0014e-01],
         [-1.4319e-02,  7.2834e-01,  6.3302e-01,  3.5081e-01],
         [ 2.3598e-02,  6.7607e-01,  2.5194e-01,  7.5704e-01],
         [ 3.1952e-02,  7.0888e-01,  8.6957e-01,  3.1197e-01],
         [ 2.0377e-02,  6.4019e-01,  2.3122e-01,  7.4995e-01],
         [ 1.0432e-01,  6.4932e-01,  3.0396e-01,  6.5745e-01],
         [ 1.1885e-01,  6.5521e-01,  3.5399e-01,  7.7651e-01],
         [ 8.1503e-02,  7.2007e-01,  6.0979e-01,  3.6931e-01],
         [ 1.1641e-01,  6.4127e-01,  2.2219e-01,  7.4567e-01],
         [ 8.3663e-02,  7.0339e-01,  9.4378e-01,  2.9455e-01],
         [ 1.0828e-01,  6.0914e-01,  2.1271e-01,  7.6782e-01],
         [ 1.5578e-01,  6.3607e-01,  3.0508e-01,  6.4891e-01],
         [ 1.8501e-01,  6.4781e-01,  3.5471e-01,  7.5699e-01],
         [ 1.3976e-01,  7.2171e-01,  6.1273e-01,  3.7230e-01],
         [ 1.6967e-01,  6.3310e-01,  2.3192e-01,  7.1769e-01],
         [ 1.4913e-01,  7.0673e-01,  9.3782e-01,  3.0068e-01],
         [ 1.6804e-01,  5.9236e-01,  2.2328e-01,  7.5198e-01],
         [ 2.2730e-01,  6.2755e-01,  3.1930e-01,  6.4050e-01],
         [ 2.5737e-01,  6.4433e-01,  3.5790e-01,  7.4375e-01],
         [ 2.1112e-01,  7.2135e-01,  6.1081e-01,  3.6857e-01],
         [ 2.3437e-01,  6.2049e-01,  2.4087e-01,  6.8144e-01],
         [ 2.1866e-01,  7.0485e-01,  9.1036e-01,  2.9205e-01],
         [ 2.2995e-01,  5.7158e-01,  2.2946e-01,  7.2212e-01],
         [ 2.9901e-01,  6.2148e-01,  3.2029e-01,  6.2071e-01],
         [ 3.2138e-01,  6.3503e-01,  3.5639e-01,  7.3975e-01],
         [ 2.7565e-01,  7.2322e-01,  6.3736e-01,  3.8141e-01],
         [ 3.1408e-01,  6.0657e-01,  2.5233e-01,  6.7588e-01],
         [ 2.7274e-01,  7.0492e-01,  9.1679e-01,  2.9710e-01],
         [ 3.0938e-01,  5.5961e-01,  2.3839e-01,  7.0561e-01],
         [ 3.6101e-01,  6.1731e-01,  3.2179e-01,  6.3056e-01],
         [ 3.9072e-01,  6.2788e-01,  3.6370e-01,  7.3692e-01],
         [ 3.3380e-01,  7.2101e-01,  6.2635e-01,  3.9497e-01],
         [ 3.7445e-01,  5.9031e-01,  2.6198e-01,  6.6912e-01],
         [ 3.5022e-01,  7.0707e-01,  8.8719e-01,  2.8827e-01],
         [ 3.6987e-01,  5.4703e-01,  2.4520e-01,  6.9056e-01],
         [ 4.3629e-01,  6.2581e-01,  3.1304e-01,  6.3402e-01],
         [ 4.5558e-01,  6.1613e-01,  3.6528e-01,  7.7854e-01],
         [ 3.9368e-01,  7.1690e-01,  6.1313e-01,  4.0633e-01],
         [ 4.5892e-01,  5.7523e-01,  2.6319e-01,  6.9361e-01],
         [ 4.1685e-01,  7.0485e-01,  8.5285e-01,  2.7105e-01],
         [ 4.5629e-01,  5.5555e-01,  2.4019e-01,  6.9822e-01],
         [ 5.0566e-01,  6.3030e-01,  3.1007e-01,  6.4874e-01],
         [ 5.1083e-01,  6.0450e-01,  3.4179e-01,  7.4161e-01],
         [ 4.5422e-01,  7.1821e-01,  5.9987e-01,  4.1251e-01],
         [ 5.2635e-01,  5.7221e-01,  2.4894e-01,  7.4362e-01],
         [ 4.7951e-01,  7.1243e-01,  8.6584e-01,  2.8323e-01],
         [ 5.1648e-01,  5.5265e-01,  2.3176e-01,  7.1805e-01],
         [ 5.6210e-01,  6.3215e-01,  3.0716e-01,  6.6303e-01],
         [ 5.7365e-01,  6.2263e-01,  3.5616e-01,  7.8032e-01],
         [ 5.4738e-01,  7.0205e-01,  5.8596e-01,  4.0547e-01],
         [ 5.5998e-01,  5.7342e-01,  2.5351e-01,  7.3046e-01],
         [ 5.7279e-01,  7.0474e-01,  8.3522e-01,  2.7685e-01],
         [ 5.6231e-01,  5.7305e-01,  2.4140e-01,  7.5456e-01],
         [ 6.3470e-01,  6.3828e-01,  3.1089e-01,  6.5937e-01],
         [ 6.3192e-01,  6.3112e-01,  3.5632e-01,  7.8767e-01],
         [ 6.0084e-01,  7.0841e-01,  5.9908e-01,  4.1506e-01],
         [ 6.5787e-01,  5.9240e-01,  2.4629e-01,  7.6331e-01],
         [ 6.0549e-01,  7.0886e-01,  9.0239e-01,  2.8683e-01],
         [ 6.5679e-01,  5.8847e-01,  2.4016e-01,  7.5811e-01],
         [ 6.7212e-01,  6.4084e-01,  3.0858e-01,  6.5369e-01],
         [ 6.9618e-01,  6.4544e-01,  3.4019e-01,  7.6382e-01],
         [ 6.7509e-01,  7.0545e-01,  5.7272e-01,  3.8114e-01],
         [ 6.7028e-01,  6.0758e-01,  2.4430e-01,  7.4310e-01],
         [ 6.9863e-01,  7.1274e-01,  8.7715e-01,  3.1290e-01],
         [ 6.7675e-01,  5.9047e-01,  2.3568e-01,  7.6068e-01],
         [ 7.5896e-01,  6.3785e-01,  3.1546e-01,  6.4795e-01],
         [ 7.6979e-01,  6.3759e-01,  3.6496e-01,  7.7387e-01],
         [ 7.9003e-01,  7.0631e-01,  6.3077e-01,  3.7113e-01],
         [ 7.5162e-01,  5.9916e-01,  2.5138e-01,  6.8481e-01],
         [ 7.7621e-01,  6.9705e-01,  8.6310e-01,  2.7689e-01],
         [ 7.5480e-01,  5.8612e-01,  2.4838e-01,  7.4965e-01],
         [ 8.1931e-01,  6.4748e-01,  3.3105e-01,  5.8757e-01],
         [ 7.9932e-01,  6.3797e-01,  3.9643e-01,  7.0788e-01],
         [ 8.0991e-01,  7.0868e-01,  6.0995e-01,  3.7982e-01],
         [ 8.3979e-01,  6.0450e-01,  2.7011e-01,  6.1069e-01],
         [ 7.8296e-01,  7.0602e-01,  8.2261e-01,  2.3849e-01],
         [ 8.4670e-01,  6.1271e-01,  2.4643e-01,  6.9235e-01],
         [ 8.5505e-01,  6.8822e-01,  3.2546e-01,  6.1794e-01],
         [ 8.3672e-01,  6.8355e-01,  4.0914e-01,  6.6859e-01],
         [ 9.2131e-01,  6.9816e-01,  6.0037e-01,  3.7901e-01],
         [ 8.7701e-01,  6.6012e-01,  2.6193e-01,  6.2728e-01],
         [ 8.4607e-01,  7.0653e-01,  7.6400e-01,  2.3362e-01],
         [ 8.8044e-01,  6.3627e-01,  2.4010e-01,  6.8308e-01],
         [ 9.4939e-01,  7.2668e-01,  4.2117e-01,  5.8101e-01],
         [ 9.3461e-01,  6.7524e-01,  4.7975e-01,  6.0934e-01],
         [ 9.8404e-01,  7.0988e-01,  6.5159e-01,  3.3934e-01],
         [ 9.4068e-01,  6.9033e-01,  2.4725e-01,  6.4982e-01],
         [ 9.8187e-01,  6.9337e-01,  8.7098e-01,  2.8572e-01],
         [ 9.3600e-01,  6.9357e-01,  2.1061e-01,  7.4958e-01],
         [ 2.4553e-02,  7.1347e-01,  3.8228e-01,  6.0405e-01],
         [ 3.2785e-02,  7.1983e-01,  4.2192e-01,  6.6517e-01],
         [-1.0713e-02,  7.9233e-01,  6.3296e-01,  3.5513e-01],
         [ 2.1574e-02,  7.1697e-01,  2.6633e-01,  7.1723e-01],
         [ 3.5113e-02,  7.7280e-01,  8.4209e-01,  3.1445e-01],
         [ 1.6013e-02,  6.7518e-01,  2.4883e-01,  7.1725e-01],
         [ 1.0538e-01,  6.9057e-01,  3.1689e-01,  6.3005e-01],
         [ 1.1750e-01,  7.0819e-01,  3.8017e-01,  7.2352e-01],
         [ 7.3415e-02,  7.8619e-01,  6.1478e-01,  3.8746e-01],
         [ 1.1153e-01,  6.6672e-01,  2.4574e-01,  6.8053e-01],
         [ 8.1654e-02,  7.6939e-01,  8.9565e-01,  2.9158e-01],
         [ 1.0362e-01,  6.2974e-01,  2.3842e-01,  6.9611e-01],
         [ 1.5863e-01,  6.7825e-01,  3.2091e-01,  6.1086e-01],
         [ 1.8182e-01,  7.0445e-01,  3.7498e-01,  6.9693e-01],
         [ 1.3168e-01,  7.8437e-01,  6.2542e-01,  3.9261e-01],
         [ 1.6516e-01,  6.5952e-01,  2.5551e-01,  6.5211e-01],
         [ 1.4684e-01,  7.7353e-01,  8.8696e-01,  2.9432e-01],
         [ 1.6640e-01,  6.1405e-01,  2.5592e-01,  6.7748e-01],
         [ 2.2775e-01,  6.7548e-01,  3.3124e-01,  6.1657e-01],
         [ 2.5118e-01,  7.0317e-01,  3.8089e-01,  6.9850e-01],
         [ 1.9938e-01,  7.8517e-01,  6.2840e-01,  3.8874e-01],
         [ 2.2998e-01,  6.5615e-01,  2.6768e-01,  6.3897e-01],
         [ 2.1490e-01,  7.7127e-01,  8.7930e-01,  2.8719e-01],
         [ 2.3029e-01,  6.0581e-01,  2.6217e-01,  6.6422e-01],
         [ 2.9317e-01,  6.7163e-01,  3.3349e-01,  5.9835e-01],
         [ 3.1480e-01,  6.9740e-01,  3.7874e-01,  6.9914e-01],
         [ 2.6422e-01,  7.8529e-01,  6.4488e-01,  3.9841e-01],
         [ 3.0268e-01,  6.5132e-01,  2.7582e-01,  6.4292e-01],
         [ 2.7139e-01,  7.7155e-01,  8.8809e-01,  2.9135e-01],
         [ 3.0460e-01,  5.9680e-01,  2.7123e-01,  6.6224e-01],
         [ 3.6206e-01,  6.6562e-01,  3.3298e-01,  6.0121e-01],
         [ 3.8460e-01,  6.8793e-01,  3.7742e-01,  6.9026e-01],
         [ 3.2458e-01,  7.8700e-01,  6.3073e-01,  4.0098e-01],
         [ 3.6950e-01,  6.4201e-01,  2.8111e-01,  6.4101e-01],
         [ 3.3856e-01,  7.7237e-01,  8.8448e-01,  2.8765e-01],
         [ 3.6728e-01,  5.8788e-01,  2.7211e-01,  6.5025e-01],
         [ 4.3414e-01,  6.6133e-01,  3.2369e-01,  5.9689e-01],
         [ 4.5491e-01,  6.7509e-01,  3.7969e-01,  7.1730e-01],
         [ 3.9008e-01,  7.8760e-01,  6.1783e-01,  4.0256e-01],
         [ 4.4548e-01,  6.2324e-01,  2.7947e-01,  6.4856e-01],
         [ 4.0686e-01,  7.7080e-01,  8.7301e-01,  2.7890e-01],
         [ 4.4190e-01,  5.8472e-01,  2.6811e-01,  6.5661e-01],
         [ 4.9791e-01,  6.5872e-01,  3.1348e-01,  6.0853e-01],
         [ 5.1603e-01,  6.6530e-01,  3.6355e-01,  7.1147e-01],
         [ 4.4866e-01,  7.8781e-01,  6.0034e-01,  4.0409e-01],
         [ 5.1913e-01,  6.0368e-01,  2.6561e-01,  6.8787e-01],
         [ 4.7773e-01,  7.7603e-01,  8.7321e-01,  2.8223e-01],
         [ 5.1143e-01,  5.7075e-01,  2.6206e-01,  6.5817e-01],
         [ 5.6052e-01,  6.6792e-01,  3.1154e-01,  6.2210e-01],
         [ 5.7716e-01,  6.6569e-01,  3.7630e-01,  7.3088e-01],
         [ 5.2397e-01,  7.7939e-01,  5.9409e-01,  4.1046e-01],
         [ 5.6772e-01,  5.9154e-01,  2.7440e-01,  6.8585e-01],
         [ 5.7168e-01,  7.7197e-01,  8.3773e-01,  2.6724e-01],
         [ 5.6675e-01,  5.7615e-01,  2.6094e-01,  6.8293e-01],
         [ 6.3302e-01,  6.7384e-01,  3.0373e-01,  6.2252e-01],
         [ 6.4209e-01,  6.7273e-01,  3.7071e-01,  7.2401e-01],
         [ 5.8942e-01,  7.7816e-01,  5.8886e-01,  4.1657e-01],
         [ 6.5107e-01,  6.0283e-01,  2.6206e-01,  7.1425e-01],
         [ 6.2037e-01,  7.7848e-01,  8.6807e-01,  2.8095e-01],
         [ 6.5130e-01,  5.8105e-01,  2.6355e-01,  6.9297e-01],
         [ 6.7942e-01,  6.7562e-01,  3.0684e-01,  6.3665e-01],
         [ 7.0118e-01,  6.8948e-01,  3.5676e-01,  6.9416e-01],
         [ 6.6037e-01,  7.7516e-01,  5.8483e-01,  3.9866e-01],
         [ 6.7660e-01,  6.1771e-01,  2.6298e-01,  6.9041e-01],
         [ 7.0436e-01,  7.7850e-01,  8.8054e-01,  2.9673e-01],
         [ 6.8240e-01,  5.9555e-01,  2.5878e-01,  6.7716e-01],
         [ 7.5808e-01,  6.8208e-01,  3.2637e-01,  6.1867e-01],
         [ 7.7016e-01,  6.9138e-01,  3.7770e-01,  7.3167e-01],
         [ 7.5949e-01,  7.7536e-01,  6.4424e-01,  3.9466e-01],
         [ 7.5466e-01,  6.3416e-01,  2.7444e-01,  6.4221e-01],
         [ 7.7435e-01,  7.6582e-01,  8.6052e-01,  2.7050e-01],
         [ 7.6191e-01,  6.0651e-01,  2.6807e-01,  6.9109e-01],
         [ 8.1849e-01,  6.9317e-01,  3.3174e-01,  5.7200e-01],
         [ 8.1764e-01,  7.0233e-01,  3.9450e-01,  6.6077e-01],
         [ 7.9982e-01,  7.7919e-01,  6.0269e-01,  3.8271e-01],
         [ 8.3729e-01,  6.5397e-01,  2.8768e-01,  5.7524e-01],
         [ 7.8565e-01,  7.7328e-01,  8.4176e-01,  2.5703e-01],
         [ 8.4383e-01,  6.4307e-01,  2.5553e-01,  6.6532e-01],
         [ 8.5939e-01,  7.3534e-01,  3.2230e-01,  6.0928e-01],
         [ 8.4641e-01,  7.4011e-01,  4.2000e-01,  6.4728e-01],
         [ 9.0822e-01,  7.7017e-01,  5.9724e-01,  3.8732e-01],
         [ 8.8307e-01,  6.9912e-01,  2.7546e-01,  5.8071e-01],
         [ 8.3818e-01,  7.7001e-01,  7.8022e-01,  2.3928e-01],
         [ 8.7891e-01,  6.7814e-01,  2.4569e-01,  6.5543e-01],
         [ 9.6009e-01,  7.8531e-01,  4.0780e-01,  5.4691e-01],
         [ 9.4548e-01,  7.3075e-01,  4.9619e-01,  5.8303e-01],
         [ 9.7430e-01,  7.8411e-01,  6.4601e-01,  3.5135e-01],
         [ 9.5282e-01,  7.5332e-01,  2.6358e-01,  6.1701e-01],
         [ 9.7679e-01,  7.6591e-01,  8.4355e-01,  2.9031e-01],
         [ 9.5077e-01,  7.3821e-01,  2.1691e-01,  7.3462e-01],
         [ 3.1407e-02,  7.5843e-01,  3.8603e-01,  5.8534e-01],
         [ 3.5251e-02,  7.5630e-01,  4.1452e-01,  6.4466e-01],
         [ 1.0159e-03,  8.6897e-01,  6.6630e-01,  3.6293e-01],
         [ 1.9796e-02,  7.5961e-01,  2.7328e-01,  6.9080e-01],
         [ 4.3249e-02,  8.3902e-01,  8.2571e-01,  3.0957e-01],
         [ 1.2025e-02,  7.0237e-01,  2.6206e-01,  6.9190e-01],
         [ 1.1050e-01,  7.2970e-01,  3.1348e-01,  6.1435e-01],
         [ 1.1363e-01,  7.4501e-01,  3.6734e-01,  6.9726e-01],
         [ 8.6138e-02,  8.5317e-01,  6.5042e-01,  3.9747e-01],
         [ 1.0782e-01,  7.0390e-01,  2.5692e-01,  6.4727e-01],
         [ 7.2123e-02,  8.3687e-01,  8.9145e-01,  2.8460e-01],
         [ 1.0683e-01,  6.5879e-01,  2.6326e-01,  6.6843e-01],
         [ 1.6582e-01,  7.1998e-01,  3.3346e-01,  6.0501e-01],
         [ 1.8269e-01,  7.4733e-01,  3.8022e-01,  6.8572e-01],
         [ 1.4426e-01,  8.4985e-01,  6.5005e-01,  3.9507e-01],
         [ 1.5961e-01,  7.0742e-01,  2.8079e-01,  6.2553e-01],
         [ 1.3481e-01,  8.4092e-01,  8.7266e-01,  2.8633e-01],
         [ 1.6906e-01,  6.5616e-01,  2.8401e-01,  6.4904e-01],
         [ 2.3608e-01,  7.2005e-01,  3.4070e-01,  5.8802e-01],
         [ 2.4827e-01,  7.4509e-01,  3.8513e-01,  6.8189e-01],
         [ 2.1295e-01,  8.5053e-01,  6.5171e-01,  3.8858e-01],
         [ 2.2826e-01,  7.0387e-01,  2.9198e-01,  6.1816e-01],
         [ 2.0006e-01,  8.3854e-01,  8.6072e-01,  2.8681e-01],
         [ 2.3396e-01,  6.5170e-01,  2.8681e-01,  6.3835e-01],
         [ 3.0283e-01,  7.1994e-01,  3.4492e-01,  5.8008e-01],
         [ 3.1176e-01,  7.4338e-01,  3.8787e-01,  6.8675e-01],
         [ 2.8080e-01,  8.4967e-01,  6.6846e-01,  3.9578e-01],
         [ 2.9731e-01,  7.0554e-01,  2.9818e-01,  6.2049e-01],
         [ 2.6605e-01,  8.3905e-01,  8.6123e-01,  2.8716e-01],
         [ 3.0462e-01,  6.5099e-01,  2.9506e-01,  6.2968e-01],
         [ 3.6677e-01,  7.1781e-01,  3.4304e-01,  5.8674e-01],
         [ 3.7934e-01,  7.3973e-01,  3.8407e-01,  6.8501e-01],
         [ 3.3921e-01,  8.5338e-01,  6.6169e-01,  4.0045e-01],
         [ 3.6362e-01,  6.9796e-01,  3.0081e-01,  6.2692e-01],
         [ 3.3577e-01,  8.3965e-01,  8.6684e-01,  2.8645e-01],
         [ 3.6961e-01,  6.4332e-01,  2.9735e-01,  6.2826e-01],
         [ 4.3233e-01,  7.1429e-01,  3.3650e-01,  5.9392e-01],
         [ 4.4880e-01,  7.3327e-01,  3.7860e-01,  6.9401e-01],
         [ 4.0459e-01,  8.5658e-01,  6.5223e-01,  3.9618e-01],
         [ 4.3271e-01,  6.8358e-01,  2.9661e-01,  6.4399e-01],
         [ 4.0840e-01,  8.3863e-01,  8.7156e-01,  2.8232e-01],
         [ 4.3672e-01,  6.3775e-01,  2.9441e-01,  6.4153e-01],
         [ 4.9822e-01,  7.1265e-01,  3.2535e-01,  5.9849e-01],
         [ 5.1330e-01,  7.3050e-01,  3.7123e-01,  6.9033e-01],
         [ 4.6684e-01,  8.5817e-01,  6.3951e-01,  3.9538e-01],
         [ 5.0447e-01,  6.7720e-01,  2.8710e-01,  6.6727e-01],
         [ 4.7535e-01,  8.3917e-01,  8.7786e-01,  2.8876e-01],
         [ 5.0930e-01,  6.2726e-01,  2.8755e-01,  6.5990e-01],
         [ 5.6502e-01,  7.2051e-01,  3.2604e-01,  6.1391e-01],
         [ 5.8273e-01,  7.3172e-01,  3.8435e-01,  7.1410e-01],
         [ 5.3338e-01,  8.5492e-01,  6.3155e-01,  3.9088e-01],
         [ 5.6466e-01,  6.7262e-01,  2.9177e-01,  6.6769e-01],
         [ 5.5730e-01,  8.3611e-01,  8.6320e-01,  2.7675e-01],
         [ 5.7089e-01,  6.3563e-01,  2.8479e-01,  6.7697e-01],
         [ 6.3166e-01,  7.2549e-01,  3.2435e-01,  5.9964e-01],
         [ 6.4595e-01,  7.2996e-01,  3.7465e-01,  7.1457e-01],
         [ 5.9798e-01,  8.5261e-01,  6.2837e-01,  3.9451e-01],
         [ 6.4177e-01,  6.7201e-01,  2.8632e-01,  6.8941e-01],
         [ 6.2010e-01,  8.3887e-01,  8.7869e-01,  2.8582e-01],
         [ 6.4915e-01,  6.3979e-01,  2.8299e-01,  6.8671e-01],
         [ 6.8675e-01,  7.2141e-01,  3.2149e-01,  6.0372e-01],
         [ 7.0556e-01,  7.3101e-01,  3.6530e-01,  6.8010e-01],
         [ 6.6793e-01,  8.5117e-01,  6.2640e-01,  3.9954e-01],
         [ 6.8337e-01,  6.7823e-01,  2.8510e-01,  6.6368e-01],
         [ 6.8385e-01,  8.4461e-01,  8.7504e-01,  2.9529e-01],
         [ 6.9256e-01,  6.2720e-01,  2.7712e-01,  6.6312e-01],
         [ 7.6925e-01,  7.2047e-01,  3.3344e-01,  6.0655e-01],
         [ 7.6869e-01,  7.3445e-01,  3.8050e-01,  7.1773e-01],
         [ 7.5774e-01,  8.4700e-01,  6.5917e-01,  3.9787e-01],
         [ 7.6175e-01,  6.9205e-01,  2.8546e-01,  6.3282e-01],
         [ 7.4989e-01,  8.3522e-01,  8.3337e-01,  2.6724e-01],
         [ 7.6680e-01,  6.4817e-01,  2.8666e-01,  6.4774e-01],
         [ 8.2344e-01,  7.3697e-01,  3.3484e-01,  5.5644e-01],
         [ 8.1554e-01,  7.5879e-01,  3.8001e-01,  6.6468e-01],
         [ 8.0855e-01,  8.4127e-01,  6.1940e-01,  3.8554e-01],
         [ 8.3262e-01,  7.1274e-01,  3.0254e-01,  5.7396e-01],
         [ 7.7660e-01,  8.3607e-01,  8.2881e-01,  2.6736e-01],
         [ 8.4342e-01,  6.8061e-01,  2.7031e-01,  6.4457e-01],
         [ 8.6695e-01,  7.9835e-01,  3.1322e-01,  6.1551e-01],
         [ 8.6327e-01,  8.0625e-01,  4.3054e-01,  6.3966e-01],
         [ 8.9547e-01,  8.3844e-01,  6.1514e-01,  3.8909e-01],
         [ 8.7622e-01,  7.6972e-01,  2.8217e-01,  5.5922e-01],
         [ 8.3351e-01,  8.3694e-01,  8.3378e-01,  2.4509e-01],
         [ 8.7968e-01,  7.3902e-01,  2.5238e-01,  6.3485e-01],
         [ 9.7123e-01,  8.4046e-01,  4.0276e-01,  5.4615e-01],
         [ 9.5679e-01,  8.0131e-01,  4.8401e-01,  5.8269e-01],
         [ 9.7181e-01,  8.5581e-01,  6.5735e-01,  3.4700e-01],
         [ 9.6126e-01,  8.1668e-01,  2.7843e-01,  6.1568e-01],
         [ 9.7485e-01,  8.2831e-01,  8.7190e-01,  2.9920e-01],
         [ 9.6202e-01,  8.3148e-01,  2.2350e-01,  6.9156e-01],
         [ 2.5177e-02,  8.6822e-01,  3.9627e-01,  6.3692e-01],
         [ 3.1689e-02,  8.6451e-01,  4.5872e-01,  7.0670e-01],
         [-1.1415e-02,  9.2131e-01,  6.9237e-01,  3.4042e-01],
         [ 1.2401e-02,  8.5724e-01,  3.1251e-01,  6.9177e-01],
         [ 3.7348e-02,  8.9185e-01,  8.2795e-01,  3.1803e-01],
         [ 1.0896e-02,  8.2015e-01,  2.7409e-01,  7.5589e-01],
         [ 9.3859e-02,  8.5348e-01,  3.4633e-01,  6.4898e-01],
         [ 1.2376e-01,  8.5599e-01,  4.1484e-01,  7.8547e-01],
         [ 6.8526e-02,  9.1970e-01,  6.7255e-01,  3.4948e-01],
         [ 1.0115e-01,  8.1891e-01,  3.2456e-01,  6.4594e-01],
         [ 7.8073e-02,  8.8946e-01,  8.6742e-01,  3.0201e-01],
         [ 1.0052e-01,  7.8284e-01,  2.7321e-01,  7.1254e-01],
         [ 1.5593e-01,  8.5269e-01,  3.6652e-01,  6.4786e-01],
         [ 1.8624e-01,  8.5185e-01,  4.0622e-01,  7.3599e-01],
         [ 1.3643e-01,  9.2383e-01,  6.6235e-01,  3.4603e-01],
         [ 1.6388e-01,  8.1117e-01,  3.5515e-01,  6.3118e-01],
         [ 1.5728e-01,  8.9515e-01,  8.5612e-01,  3.0529e-01],
         [ 1.6058e-01,  7.7113e-01,  2.9869e-01,  6.6684e-01],
         [ 2.1999e-01,  8.5604e-01,  3.7330e-01,  6.4362e-01],
         [ 2.4828e-01,  8.5146e-01,  4.0799e-01,  7.4285e-01],
         [ 2.0511e-01,  9.2550e-01,  6.6726e-01,  3.4709e-01],
         [ 2.3163e-01,  8.1198e-01,  3.5932e-01,  6.2942e-01],
         [ 2.2446e-01,  8.9601e-01,  8.5149e-01,  3.0682e-01],
         [ 2.2628e-01,  7.6841e-01,  3.0586e-01,  6.6090e-01],
         [ 2.8675e-01,  8.5726e-01,  3.7305e-01,  6.4357e-01],
         [ 3.1346e-01,  8.4923e-01,  4.0548e-01,  7.4340e-01],
         [ 2.7474e-01,  9.2592e-01,  6.6921e-01,  3.4905e-01],
         [ 2.9976e-01,  8.1278e-01,  3.6591e-01,  6.1983e-01],
         [ 2.8663e-01,  8.9699e-01,  8.3804e-01,  3.0773e-01],
         [ 2.9339e-01,  7.6674e-01,  3.0880e-01,  6.5665e-01],
         [ 3.5142e-01,  8.5331e-01,  3.7299e-01,  6.4356e-01],
         [ 3.8115e-01,  8.4762e-01,  4.0157e-01,  7.3987e-01],
         [ 3.4438e-01,  9.2600e-01,  6.7034e-01,  3.4824e-01],
         [ 3.6521e-01,  8.0999e-01,  3.6581e-01,  6.1952e-01],
         [ 3.5582e-01,  8.9641e-01,  8.3479e-01,  3.0790e-01],
         [ 3.5866e-01,  7.6172e-01,  3.0876e-01,  6.5872e-01],
         [ 4.1541e-01,  8.5081e-01,  3.7201e-01,  6.4237e-01],
         [ 4.4711e-01,  8.4463e-01,  4.0354e-01,  7.3854e-01],
         [ 4.1032e-01,  9.2663e-01,  6.6729e-01,  3.5137e-01],
         [ 4.2943e-01,  8.0352e-01,  3.6467e-01,  6.2518e-01],
         [ 4.2749e-01,  8.9478e-01,  8.4223e-01,  3.0315e-01],
         [ 4.2298e-01,  7.5236e-01,  3.0763e-01,  6.5944e-01],
         [ 4.8396e-01,  8.4572e-01,  3.7099e-01,  6.3871e-01],
         [ 5.1174e-01,  8.4077e-01,  4.0392e-01,  7.3199e-01],
         [ 4.7458e-01,  9.2827e-01,  6.6460e-01,  3.5808e-01],
         [ 4.9938e-01,  8.0193e-01,  3.5795e-01,  6.4211e-01],
         [ 4.9180e-01,  8.9381e-01,  8.4680e-01,  3.0491e-01],
         [ 4.9259e-01,  7.4808e-01,  3.0176e-01,  6.6472e-01],
         [ 5.5309e-01,  8.4752e-01,  3.7464e-01,  6.3859e-01],
         [ 5.7858e-01,  8.4132e-01,  4.1433e-01,  7.4057e-01],
         [ 5.3820e-01,  9.2861e-01,  6.5962e-01,  3.5286e-01],
         [ 5.6491e-01,  8.0103e-01,  3.5305e-01,  6.5323e-01],
         [ 5.6748e-01,  8.9286e-01,  8.5244e-01,  2.9619e-01],
         [ 5.5935e-01,  7.5603e-01,  2.9954e-01,  6.6787e-01],
         [ 6.2202e-01,  8.5187e-01,  3.7720e-01,  6.3704e-01],
         [ 6.4409e-01,  8.4272e-01,  4.0875e-01,  7.3244e-01],
         [ 6.0416e-01,  9.2705e-01,  6.6545e-01,  3.5187e-01],
         [ 6.3440e-01,  8.0680e-01,  3.4640e-01,  6.7208e-01],
         [ 6.3455e-01,  8.9491e-01,  8.7451e-01,  3.0178e-01],
         [ 6.3020e-01,  7.6117e-01,  3.0036e-01,  6.7571e-01],
         [ 6.8320e-01,  8.4875e-01,  3.7001e-01,  6.5182e-01],
         [ 7.1259e-01,  8.4771e-01,  4.0328e-01,  7.2728e-01],
         [ 6.6679e-01,  9.3020e-01,  6.6002e-01,  3.5211e-01],
         [ 6.9494e-01,  8.0553e-01,  3.4626e-01,  6.6353e-01],
         [ 6.9814e-01,  8.9606e-01,  8.7560e-01,  3.0888e-01],
         [ 6.9008e-01,  7.6114e-01,  2.9488e-01,  6.7076e-01],
         [ 7.5758e-01,  8.4538e-01,  3.7162e-01,  6.5357e-01],
         [ 7.8557e-01,  8.3203e-01,  4.0986e-01,  7.6654e-01],
         [ 7.5052e-01,  9.2786e-01,  6.5581e-01,  3.5685e-01],
         [ 7.6723e-01,  8.0922e-01,  3.5249e-01,  6.1574e-01],
         [ 7.5510e-01,  8.9158e-01,  8.3358e-01,  2.9069e-01],
         [ 7.6177e-01,  7.4332e-01,  2.9713e-01,  6.6678e-01],
         [ 8.2670e-01,  8.5905e-01,  3.4296e-01,  5.9182e-01],
         [ 8.3890e-01,  8.4068e-01,  3.9388e-01,  6.8279e-01],
         [ 8.2609e-01,  9.2799e-01,  6.3270e-01,  3.4045e-01],
         [ 8.3207e-01,  8.2077e-01,  3.6492e-01,  5.8072e-01],
         [ 8.0087e-01,  8.9298e-01,  8.1239e-01,  2.7980e-01],
         [ 8.2959e-01,  7.7303e-01,  2.7381e-01,  6.5463e-01],
         [ 8.7256e-01,  9.0325e-01,  3.4532e-01,  5.9931e-01],
         [ 8.7671e-01,  8.7852e-01,  4.5146e-01,  5.8661e-01],
         [ 8.7852e-01,  9.2297e-01,  6.1636e-01,  3.7480e-01],
         [ 8.8020e-01,  8.8336e-01,  3.0222e-01,  5.8211e-01],
         [ 8.7454e-01,  9.0236e-01,  9.1224e-01,  2.5468e-01],
         [ 8.8820e-01,  8.4272e-01,  2.4841e-01,  6.1106e-01],
         [ 9.6689e-01,  9.2131e-01,  4.3139e-01,  5.5910e-01],
         [ 9.5003e-01,  8.7851e-01,  4.8530e-01,  5.6860e-01],
         [ 9.5106e-01,  9.3298e-01,  6.5300e-01,  3.4630e-01],
         [ 9.6759e-01,  9.0156e-01,  2.9629e-01,  6.2884e-01],
         [ 9.7748e-01,  8.9517e-01,  8.8914e-01,  3.1006e-01],
         [ 9.5216e-01,  9.4423e-01,  2.3578e-01,  6.5155e-01],
         [ 3.3991e-02,  9.3070e-01,  4.4549e-01,  5.5986e-01],
         [ 2.9177e-02,  9.5414e-01,  5.2342e-01,  6.5091e-01],
         [ 1.2048e-02,  9.7179e-01,  6.4412e-01,  3.6559e-01],
         [ 5.2694e-03,  9.6555e-01,  3.1921e-01,  7.1587e-01],
         [ 3.5426e-02,  9.6109e-01,  8.3140e-01,  2.8463e-01],
         [ 1.8892e-02,  9.4714e-01,  2.8330e-01,  7.6464e-01],
         [ 9.3844e-02,  9.4581e-01,  4.0899e-01,  5.1332e-01],
         [ 1.1435e-01,  9.5574e-01,  4.8056e-01,  6.4310e-01],
         [ 8.6242e-02,  9.7851e-01,  6.2703e-01,  3.6023e-01],
         [ 9.2412e-02,  9.7021e-01,  3.1081e-01,  7.3086e-01],
         [ 9.7259e-02,  9.6395e-01,  9.4162e-01,  2.6842e-01],
         [ 1.0372e-01,  9.5979e-01,  2.8550e-01,  7.3184e-01],
         [ 1.5580e-01,  9.4887e-01,  4.2086e-01,  5.0261e-01],
         [ 1.8140e-01,  9.5730e-01,  4.8571e-01,  6.2556e-01],
         [ 1.5210e-01,  9.7783e-01,  6.3115e-01,  3.6326e-01],
         [ 1.5869e-01,  9.8298e-01,  3.2521e-01,  7.1725e-01],
         [ 1.6094e-01,  9.7429e-01,  9.0852e-01,  2.7397e-01],
         [ 1.7081e-01,  9.6608e-01,  3.0715e-01,  7.0284e-01],
         [ 2.2248e-01,  9.4788e-01,  4.2309e-01,  4.9969e-01],
         [ 2.4953e-01,  9.5980e-01,  4.8737e-01,  6.2223e-01],
         [ 2.1696e-01,  9.7710e-01,  6.2964e-01,  3.6571e-01],
         [ 2.2451e-01,  9.8635e-01,  3.2708e-01,  7.0946e-01],
         [ 2.2617e-01,  9.7409e-01,  8.9334e-01,  2.7643e-01],
         [ 2.3590e-01,  9.6841e-01,  3.0889e-01,  6.9589e-01],
         [ 2.8918e-01,  9.4875e-01,  4.2139e-01,  4.9830e-01],
         [ 3.1735e-01,  9.6148e-01,  4.8319e-01,  6.2170e-01],
         [ 2.8562e-01,  9.7752e-01,  6.2735e-01,  3.6678e-01],
         [ 2.9207e-01,  9.8599e-01,  3.2608e-01,  7.0944e-01],
         [ 2.9266e-01,  9.7447e-01,  8.9875e-01,  2.7307e-01],
         [ 3.0257e-01,  9.7248e-01,  3.1064e-01,  6.8900e-01],
         [ 3.5440e-01,  9.4867e-01,  4.1966e-01,  4.9811e-01],
         [ 3.8220e-01,  9.6110e-01,  4.7732e-01,  6.1681e-01],
         [ 3.5499e-01,  9.7725e-01,  6.2668e-01,  3.6727e-01],
         [ 3.5815e-01,  9.8430e-01,  3.2489e-01,  7.1247e-01],
         [ 3.6056e-01,  9.7549e-01,  9.0299e-01,  2.7246e-01],
         [ 3.6881e-01,  9.7398e-01,  3.0974e-01,  6.8981e-01],
         [ 4.1782e-01,  9.4753e-01,  4.2207e-01,  4.9835e-01],
         [ 4.4783e-01,  9.6029e-01,  4.8184e-01,  6.1441e-01],
         [ 4.1988e-01,  9.7710e-01,  6.2515e-01,  3.6496e-01],
         [ 4.2312e-01,  9.7942e-01,  3.2380e-01,  7.0999e-01],
         [ 4.2995e-01,  9.7526e-01,  9.0606e-01,  2.7008e-01],
         [ 4.3505e-01,  9.7459e-01,  3.0663e-01,  6.9248e-01],
         [ 4.8291e-01,  9.4836e-01,  4.2212e-01,  4.9933e-01],
         [ 5.1496e-01,  9.6000e-01,  4.8485e-01,  6.1404e-01],
         [ 4.8339e-01,  9.7798e-01,  6.2209e-01,  3.5972e-01],
         [ 4.9083e-01,  9.7519e-01,  3.2450e-01,  7.1418e-01],
         [ 5.0105e-01,  9.7528e-01,  9.0552e-01,  2.7107e-01],
         [ 5.0328e-01,  9.7395e-01,  3.0398e-01,  7.0052e-01],
         [ 5.4914e-01,  9.4864e-01,  4.2637e-01,  4.9959e-01],
         [ 5.8278e-01,  9.5916e-01,  4.9347e-01,  6.1566e-01],
         [ 5.4789e-01,  9.7793e-01,  6.2377e-01,  3.5653e-01],
         [ 5.5925e-01,  9.7421e-01,  3.2528e-01,  7.1349e-01],
         [ 5.6685e-01,  9.7512e-01,  9.0044e-01,  2.7282e-01],
         [ 5.7164e-01,  9.7335e-01,  3.0314e-01,  7.0628e-01],
         [ 6.1742e-01,  9.4758e-01,  4.2878e-01,  5.0096e-01],
         [ 6.4564e-01,  9.5559e-01,  4.9347e-01,  6.1753e-01],
         [ 6.1380e-01,  9.7688e-01,  6.3060e-01,  3.5797e-01],
         [ 6.2654e-01,  9.7584e-01,  3.2523e-01,  7.1611e-01],
         [ 6.2842e-01,  9.7433e-01,  8.8912e-01,  2.7917e-01],
         [ 6.3809e-01,  9.6795e-01,  3.0382e-01,  7.1417e-01],
         [ 6.8424e-01,  9.4140e-01,  4.2170e-01,  5.0762e-01],
         [ 7.1129e-01,  9.5613e-01,  4.8890e-01,  6.1878e-01],
         [ 6.7644e-01,  9.7816e-01,  6.2753e-01,  3.6556e-01],
         [ 6.8827e-01,  9.7713e-01,  3.2114e-01,  7.1395e-01],
         [ 6.9184e-01,  9.7369e-01,  8.8126e-01,  2.8096e-01],
         [ 7.0096e-01,  9.5937e-01,  3.0130e-01,  7.1485e-01],
         [ 7.4883e-01,  9.3903e-01,  4.2182e-01,  5.1982e-01],
         [ 7.7602e-01,  9.5814e-01,  4.8345e-01,  6.3069e-01],
         [ 7.4363e-01,  9.8284e-01,  5.9559e-01,  3.7190e-01],
         [ 7.5661e-01,  9.6169e-01,  3.2194e-01,  7.2412e-01],
         [ 7.6373e-01,  9.7185e-01,  8.9562e-01,  2.6145e-01],
         [ 7.6643e-01,  9.5823e-01,  2.9813e-01,  7.0907e-01],
         [ 8.2178e-01,  9.6752e-01,  3.8070e-01,  4.9307e-01],
         [ 8.3511e-01,  9.4778e-01,  4.7301e-01,  5.6190e-01],
         [ 8.0778e-01,  9.9197e-01,  5.9088e-01,  3.4849e-01],
         [ 8.2502e-01,  9.6547e-01,  3.1529e-01,  6.9291e-01],
         [ 8.3398e-01,  9.7558e-01,  8.8805e-01,  2.4821e-01],
         [ 8.4071e-01,  9.8923e-01,  2.7419e-01,  6.8759e-01],
         [ 8.7317e-01,  9.9616e-01,  4.1703e-01,  4.6986e-01],
         [ 8.9463e-01,  9.4880e-01,  5.2230e-01,  5.0634e-01],
         [ 8.6939e-01,  9.8544e-01,  6.2156e-01,  3.3652e-01],
         [ 8.8984e-01,  1.0297e+00,  3.0527e-01,  6.2835e-01],
         [ 8.6935e-01,  9.8130e-01,  8.8534e-01,  2.5502e-01],
         [ 9.0569e-01,  1.0173e+00,  2.5897e-01,  6.7154e-01],
         [ 9.6475e-01,  9.9708e-01,  4.3110e-01,  4.8157e-01],
         [ 9.6268e-01,  9.6052e-01,  5.2981e-01,  5.5429e-01],
         [ 9.6347e-01,  9.9002e-01,  6.6633e-01,  3.2322e-01],
         [ 9.6624e-01,  1.0094e+00,  3.0720e-01,  6.6058e-01],
         [ 9.5317e-01,  9.7250e-01,  8.3046e-01,  3.0817e-01],
         [ 9.5743e-01,  1.0423e+00,  2.8007e-01,  7.3430e-01]]],
       device='cuda:0')
