tensor([[[-2.8809e-01,  2.0647e-01, -1.1520e+00,  6.6314e-01],
         [-8.7975e-02, -2.3115e-01, -9.8075e-01,  6.9160e-01],
         [-5.9383e-01,  1.4805e-01, -2.4448e-01, -3.4570e-01],
         [-9.3831e-02, -2.4690e-01, -6.6714e-01,  3.3136e-01],
         [-5.2628e-02,  2.6642e-01,  6.4589e-03,  2.3455e-01],
         [-2.3631e-01, -2.9619e-01, -2.6996e-01, -6.0387e-01],
         [-3.1890e-03,  2.4932e-01, -1.8800e+00,  1.1516e+00],
         [ 2.1496e-01, -2.5977e-02, -1.2342e+00,  1.1297e+00],
         [-2.7773e-01,  1.3948e-01, -4.2683e-01, -3.5746e-02],
         [ 5.2039e-01, -7.3703e-01, -4.0569e-01, -3.6022e-02],
         [-4.2695e-01, -1.5641e-01,  1.3091e-01, -2.5938e-02],
         [ 2.0399e-01, -5.7073e-01, -2.7708e-01, -6.2876e-01],
         [-2.7271e-01,  4.2765e-01, -1.7152e+00,  1.0854e+00],
         [ 2.8287e-01,  4.3876e-02, -1.3229e+00,  1.0036e+00],
         [-3.9729e-01,  9.0415e-02, -5.1653e-01, -2.3975e-01],
         [ 4.2989e-01, -4.7870e-01, -1.4068e-01, -1.2525e-01],
         [-4.3547e-01,  2.5088e-02, -6.6293e-02,  1.3081e-01],
         [ 3.5793e-02, -4.0129e-01,  5.8075e-02, -7.2317e-01],
         [-2.7987e-01,  4.9470e-01, -1.7000e+00,  1.0723e+00],
         [ 3.4134e-01,  1.5824e-01, -1.3766e+00,  9.9916e-01],
         [-3.1832e-01,  8.8192e-02, -5.0442e-01, -2.1784e-01],
         [ 3.8019e-01, -4.1235e-01, -9.5526e-02, -1.9823e-01],
         [-3.9838e-01,  3.0747e-02, -8.1464e-03,  1.4416e-01],
         [-5.1996e-02, -3.4740e-01,  1.1858e-01, -7.9022e-01],
         [-3.1176e-01,  5.8968e-01, -1.7198e+00,  1.0845e+00],
         [ 3.2745e-01,  2.0665e-01, -1.3972e+00,  9.9129e-01],
         [-2.0922e-01,  1.5144e-01, -5.0775e-01, -2.3812e-01],
         [ 3.6056e-01, -3.2359e-01, -1.0194e-01, -1.9445e-01],
         [-2.9299e-01,  1.9071e-02, -7.6454e-03,  2.1376e-01],
         [-1.6136e-01, -2.9377e-01,  1.1358e-01, -7.7119e-01],
         [-3.4917e-01,  6.3713e-01, -1.6094e+00,  1.0078e+00],
         [ 2.6443e-01,  2.8625e-01, -1.3242e+00,  9.4464e-01],
         [-2.4146e-01,  1.7725e-01, -4.5695e-01, -1.9896e-01],
         [ 3.9853e-01, -2.4731e-01, -1.1757e-01, -2.0068e-01],
         [-2.4637e-01,  6.4338e-02,  1.8593e-02,  1.9044e-01],
         [-1.4014e-01, -2.1311e-01,  1.1969e-01, -7.9327e-01],
         [-3.4190e-01,  7.1631e-01, -1.5937e+00,  9.9910e-01],
         [ 2.6065e-01,  3.2450e-01, -1.2872e+00,  8.9683e-01],
         [-1.9304e-01,  1.6563e-01, -4.4014e-01, -1.9895e-01],
         [ 4.5379e-01, -1.6393e-01, -1.6189e-01, -1.5515e-01],
         [-2.0807e-01,  1.0834e-01,  4.9927e-02,  2.0565e-01],
         [-1.2138e-01, -1.4653e-01,  9.0855e-02, -7.6450e-01],
         [-3.8330e-01,  7.5659e-01, -1.5916e+00,  1.0253e+00],
         [ 2.1611e-01,  3.5208e-01, -1.2264e+00,  9.3920e-01],
         [-2.6161e-01,  2.1363e-01, -4.2298e-01, -1.7888e-01],
         [ 4.8092e-01, -9.7920e-02, -2.1618e-01, -9.6508e-02],
         [-1.9273e-01,  1.3706e-01,  1.0331e-01,  2.0375e-01],
         [-7.9043e-02, -1.0420e-01, -2.4828e-02, -7.4033e-01],
         [-4.2865e-01,  7.5947e-01, -1.5898e+00,  1.0148e+00],
         [ 2.2600e-01,  3.3881e-01, -1.2416e+00,  9.5508e-01],
         [-3.1850e-01,  2.3162e-01, -5.0017e-01, -1.6559e-01],
         [ 3.8886e-01, -9.5650e-02, -2.6632e-01, -2.6743e-02],
         [-1.7169e-01,  1.2372e-01,  1.2781e-01,  2.1639e-01],
         [-1.1416e-01, -6.7747e-02, -1.6198e-01, -7.0798e-01],
         [-3.2531e-01,  7.7321e-01, -1.6161e+00,  1.0634e+00],
         [ 2.1307e-01,  2.3496e-01, -1.2114e+00,  9.9081e-01],
         [-3.3118e-01,  2.5387e-01, -4.7830e-01, -1.4636e-01],
         [ 4.7428e-01, -1.2364e-01, -3.4902e-01,  9.4326e-02],
         [-2.0568e-01,  5.0420e-02,  1.0272e-01,  1.3785e-01],
         [ 2.5792e-03, -4.7986e-02, -3.0340e-01, -6.1566e-01],
         [-3.2689e-01,  7.0086e-01, -1.6742e+00,  1.0666e+00],
         [ 1.8238e-01,  1.0326e-01, -1.2786e+00,  1.0033e+00],
         [-4.9186e-01,  2.8161e-01, -4.7848e-01, -1.5117e-01],
         [ 5.4969e-01, -1.7518e-01, -4.2948e-01,  1.9152e-01],
         [-2.7732e-01,  1.0933e-01,  2.4718e-01,  6.7268e-02],
         [ 3.8902e-04, -8.4489e-02, -4.4037e-01, -6.6987e-01],
         [-1.4508e-01,  3.5341e-01, -1.5585e+00,  1.0907e+00],
         [ 3.8657e-01, -1.5354e-01, -1.4045e+00,  9.7374e-01],
         [ 1.3547e-01,  2.6704e-01, -4.2644e-01, -1.0809e-01],
         [ 2.7320e-01, -3.7270e-01, -2.1651e-01, -8.4289e-03],
         [-2.7289e-01, -2.3362e-01,  1.2689e-01,  8.3143e-02],
         [ 4.1439e-02, -4.3759e-01, -2.5743e-01, -5.0044e-01],
         [-4.5375e-02,  9.9256e-02, -1.7650e+00,  8.4928e-01],
         [-5.3808e-02,  4.5101e-02, -1.0488e+00,  1.0256e+00],
         [-1.6236e-01,  1.0730e-01, -2.8345e-01, -1.7714e-01],
         [ 4.5043e-01, -1.3086e-01, -5.1681e-01, -1.9180e-01],
         [-5.2130e-01, -4.7279e-02,  3.1182e-02, -8.5870e-02],
         [ 1.9165e-02, -1.5140e-01, -3.9618e-01, -8.1138e-01],
         [-6.4399e-01,  3.2746e-01, -1.5817e+00,  8.0738e-01],
         [-1.7968e-01,  5.2882e-01, -1.0965e+00,  1.2002e+00],
         [ 3.1228e-01, -1.2418e-01, -7.5177e-02,  6.1917e-02],
         [-1.9254e-01,  1.0661e-01, -5.8105e-01, -1.8758e-01],
         [-3.9224e-01, -4.1469e-01,  1.6446e-01, -1.6714e-01],
         [-1.2606e-02, -8.6199e-02, -5.2982e-01, -8.9280e-01],
         [-1.7007e-01,  8.2745e-01, -1.0046e+00,  9.3553e-01],
         [ 2.6128e-04, -1.0875e-01, -9.2312e-01,  7.7144e-01],
         [ 4.7077e-03,  6.0616e-01, -1.0273e-01,  8.8255e-02],
         [ 8.9443e-02,  3.3052e-01, -9.6722e-01, -4.2516e-02],
         [ 1.4455e-01, -4.1552e-01,  3.1120e-01,  1.8112e-01],
         [-4.8748e-01,  7.5000e-02, -1.2422e+00, -3.7965e-01],
         [-2.9828e-01, -2.0662e-01, -1.3456e+00,  1.0236e+00],
         [ 3.8013e-02,  1.8858e-01, -1.5201e+00,  1.0133e+00],
         [-4.1127e-01,  3.2768e-01, -4.8687e-01, -5.0199e-01],
         [-4.5494e-01,  1.2216e-01, -1.2097e+00,  2.0689e-01],
         [ 1.2620e-01,  1.3540e-01, -3.4509e-01,  5.2303e-01],
         [-5.9580e-01, -2.7398e-01, -2.6669e-01, -6.2995e-01],
         [-1.1481e-01,  1.2816e-01, -2.0054e+00,  1.1420e+00],
         [ 3.8762e-01,  4.5660e-01, -1.7935e+00,  1.4825e+00],
         [ 5.4729e-02,  3.2686e-01, -2.6383e-01, -9.4886e-02],
         [ 4.9382e-01,  1.0544e-01, -1.2628e+00, -9.2873e-02],
         [-1.2025e-01,  2.9558e-02,  1.1174e-01, -1.0501e-01],
         [ 1.9805e-01, -1.5955e-01, -1.5987e-01, -8.1363e-01],
         [-4.9119e-01,  5.6729e-01, -1.8485e+00,  1.0931e+00],
         [ 4.4476e-01,  6.2780e-01, -2.0327e+00,  1.1553e+00],
         [ 1.0484e-02,  3.1018e-01, -4.4190e-01, -2.5679e-01],
         [ 2.8187e-01,  5.5686e-01, -8.6521e-01, -1.3103e-01],
         [ 1.7647e-02,  5.1607e-01,  4.8188e-05,  8.2997e-02],
         [-1.7157e-01,  1.1043e-01,  4.5668e-01, -1.1498e+00],
         [-4.9986e-01,  6.6816e-01, -1.7301e+00,  9.9808e-01],
         [ 3.5739e-01,  6.2815e-01, -2.0895e+00,  1.0887e+00],
         [ 4.6658e-02,  4.2403e-01, -4.7396e-01, -1.8606e-01],
         [ 2.8845e-01,  6.2062e-01, -7.8524e-01, -2.1387e-01],
         [-2.0903e-02,  5.1620e-01,  5.5590e-02,  2.6749e-02],
         [-2.0163e-01,  2.2979e-01,  4.3070e-01, -1.2510e+00],
         [-5.1821e-01,  8.0894e-01, -1.8453e+00,  1.0120e+00],
         [ 4.8310e-01,  7.1693e-01, -2.1241e+00,  1.0236e+00],
         [ 1.4345e-01,  3.6629e-01, -5.2081e-01, -1.8672e-01],
         [ 1.7131e-01,  8.0868e-01, -8.7962e-01, -2.4277e-01],
         [ 1.7515e-03,  6.0185e-01,  2.4003e-02,  7.8821e-02],
         [-2.9263e-01,  3.9088e-01,  3.5510e-01, -1.1765e+00],
         [-4.2160e-01,  8.3714e-01, -1.7027e+00,  9.1781e-01],
         [ 4.0142e-01,  7.5197e-01, -2.0168e+00,  9.8449e-01],
         [ 7.0685e-02,  3.7209e-01, -4.4243e-01, -2.1593e-01],
         [ 2.7740e-01,  9.1428e-01, -8.8072e-01, -2.3498e-01],
         [-9.0377e-02,  5.8723e-01,  9.1820e-02,  8.7160e-02],
         [-1.4688e-01,  5.6571e-01,  2.9711e-01, -1.1989e+00],
         [-3.7159e-01,  8.2727e-01, -1.6384e+00,  9.2403e-01],
         [ 4.2455e-01,  8.3170e-01, -1.9889e+00,  9.6869e-01],
         [ 1.1712e-01,  2.5013e-01, -4.2811e-01, -1.8184e-01],
         [ 2.1649e-01,  1.0072e+00, -8.6060e-01, -1.9471e-01],
         [-1.2922e-01,  6.1168e-01,  8.2556e-02,  1.0641e-01],
         [-1.0252e-01,  6.5626e-01,  3.4990e-01, -1.1163e+00],
         [-3.5430e-01,  8.0326e-01, -1.7228e+00,  9.8902e-01],
         [ 4.4180e-01,  8.6545e-01, -1.9997e+00,  9.8643e-01],
         [ 9.1323e-02,  3.2085e-01, -4.4166e-01, -1.9144e-01],
         [ 3.1208e-01,  1.0618e+00, -1.0274e+00, -8.9088e-02],
         [-2.3463e-01,  5.8081e-01,  1.3230e-01,  1.3125e-01],
         [-5.9175e-02,  6.9017e-01,  2.1779e-01, -1.0108e+00],
         [-3.5205e-01,  6.9299e-01, -1.7429e+00,  1.0498e+00],
         [ 4.2079e-01,  8.1846e-01, -2.0290e+00,  1.0335e+00],
         [ 8.2961e-02,  3.6622e-01, -4.7953e-01, -3.1053e-01],
         [ 3.1013e-01,  1.0495e+00, -1.1807e+00,  1.4086e-02],
         [-2.1063e-01,  5.7750e-01,  1.5848e-01,  1.5201e-01],
         [-1.4849e-01,  6.8584e-01,  6.2707e-02, -9.4177e-01],
         [-3.2849e-01,  6.5202e-01, -1.8131e+00,  1.1242e+00],
         [ 4.4781e-01,  8.0236e-01, -1.9915e+00,  1.1911e+00],
         [ 1.0156e-01,  3.1364e-01, -4.1653e-01, -3.4963e-01],
         [ 2.5014e-01,  9.7046e-01, -1.3215e+00,  5.9883e-02],
         [-1.4315e-01,  4.4605e-01,  1.1628e-01,  1.8980e-01],
         [-7.9976e-02,  5.6219e-01, -1.9197e-02, -7.9648e-01],
         [-4.0382e-01,  5.5407e-01, -1.9016e+00,  1.1580e+00],
         [ 3.0647e-01,  6.0797e-01, -2.0863e+00,  1.2383e+00],
         [-1.0207e-01,  3.5483e-01, -4.2990e-01, -2.7554e-01],
         [ 4.5155e-01,  8.1528e-01, -1.4587e+00,  1.4176e-01],
         [-2.0479e-01,  4.6347e-01,  2.4400e-01,  1.1092e-01],
         [-5.6033e-02,  4.3961e-01, -1.8030e-01, -9.8782e-01],
         [-2.8831e-01,  3.0441e-01, -1.5453e+00,  1.1853e+00],
         [ 4.8537e-01,  2.8538e-01, -2.0902e+00,  1.1035e+00],
         [ 5.3267e-01,  4.6747e-01, -4.7990e-01, -2.1348e-01],
         [ 1.7195e-01,  3.7065e-01, -1.0571e+00,  6.8987e-02],
         [ 1.3235e-01, -1.0074e-01,  1.1068e-01, -1.2209e-01],
         [-3.7742e-01, -7.5339e-02, -3.2431e-01, -5.1852e-01],
         [-4.0866e-01,  4.1384e-01, -2.0429e+00,  1.1817e+00],
         [-2.8155e-02,  1.6380e-01, -1.6798e+00,  1.2145e+00],
         [-7.5786e-02,  4.4692e-01, -5.7439e-01, -6.8883e-02],
         [ 3.9562e-01,  6.2528e-01, -1.2516e+00, -1.3389e-01],
         [-3.3530e-01,  4.1075e-01,  2.8061e-01, -4.2693e-01],
         [ 3.4768e-01,  9.3134e-02, -5.1094e-01, -9.4639e-01],
         [-1.0274e+00,  2.5605e-01, -1.7833e+00,  1.0759e+00],
         [-6.8624e-01,  4.2139e-01, -1.6760e+00,  7.5958e-01],
         [ 3.9940e-01,  4.1491e-01, -2.2487e-01, -7.1854e-02],
         [-6.1510e-01,  8.3674e-01, -1.6373e+00, -1.1410e-01],
         [-3.2518e-01, -2.9848e-02,  1.3211e-01, -4.6514e-01],
         [-1.2612e-01,  3.5208e-01, -9.7778e-01, -1.2410e+00],
         [-2.8710e-01,  7.8799e-01, -9.0587e-01,  8.3047e-01],
         [-1.0087e-01,  2.8672e-01, -1.2775e+00,  8.5321e-01],
         [-2.4062e-01,  9.2848e-01, -3.4563e-01, -3.3380e-01],
         [-2.0489e-01,  8.2457e-01, -1.9808e+00, -2.6558e-01],
         [ 6.0965e-02, -5.0989e-01,  3.5198e-01, -5.9899e-02],
         [-7.6727e-01,  7.5300e-01, -1.7709e+00, -7.0225e-01],
         [ 1.5538e-01,  4.2592e-01, -1.3140e+00,  6.6999e-01],
         [ 4.6040e-02,  3.2816e-01, -1.2329e+00,  7.1236e-01],
         [-2.2071e-01,  4.2398e-01, -3.1511e-01, -3.1076e-01],
         [-5.7812e-01,  7.0171e-01, -7.7580e-01, -1.3022e-01],
         [-1.4794e-02,  3.9929e-01, -2.2780e-01,  3.3338e-01],
         [-4.9180e-01,  5.0117e-01, -4.0948e-01, -9.6498e-01],
         [ 4.8830e-01,  1.0724e+00, -1.8969e+00,  6.9839e-01],
         [ 3.0276e-01,  7.6608e-01, -1.3614e+00,  9.0144e-01],
         [ 2.7608e-01,  2.6451e-01,  2.1590e-02,  1.3055e-01],
         [ 4.1360e-01,  1.1838e+00, -8.9400e-01, -6.1628e-01],
         [-5.3719e-01,  4.6255e-01,  2.1238e-01, -1.3947e-01],
         [ 5.0700e-01,  1.1646e+00, -2.2349e-01, -1.4185e+00],
         [ 3.0581e-01,  1.5144e+00, -1.6963e+00,  6.8610e-01],
         [ 4.1098e-01,  1.1122e+00, -1.4358e+00,  4.6039e-01],
         [ 1.6547e-01,  1.7236e-01, -1.6961e-01,  1.4274e-02],
         [ 1.6815e-02,  1.7752e+00, -3.9642e-01, -9.7036e-01],
         [-5.6079e-01,  9.9777e-01, -2.5629e-02,  6.6854e-02],
         [ 3.6987e-02,  1.7754e+00,  4.7387e-01, -1.8658e+00],
         [ 3.0363e-01,  1.6210e+00, -1.6847e+00,  6.0689e-01],
         [ 3.0575e-01,  1.0681e+00, -1.4929e+00,  3.9781e-01],
         [ 9.0281e-02,  3.4997e-01, -1.1029e-01,  4.7288e-02],
         [ 1.8676e-01,  1.8477e+00, -3.6407e-01, -1.0620e+00],
         [-7.4559e-01,  9.9436e-01,  7.5484e-03,  6.2351e-02],
         [-6.6253e-02,  1.9664e+00,  3.2668e-01, -2.0268e+00],
         [ 1.5486e-01,  1.6664e+00, -1.8337e+00,  6.8460e-01],
         [ 4.1031e-01,  1.1700e+00, -1.5546e+00,  4.9756e-01],
         [ 2.2676e-01,  2.6216e-01, -2.6373e-01, -1.0149e-02],
         [-1.0140e-01,  1.9212e+00, -5.6536e-01, -1.0818e+00],
         [-6.6079e-01,  1.0376e+00, -9.6897e-02,  1.2899e-01],
         [-2.3908e-01,  2.0006e+00,  2.3614e-01, -1.9403e+00],
         [ 2.3378e-01,  1.6680e+00, -1.8248e+00,  6.8730e-01],
         [ 3.2594e-01,  1.0672e+00, -1.5184e+00,  5.3307e-01],
         [ 1.2240e-01,  3.7564e-01, -1.9162e-01, -1.3454e-02],
         [ 1.8781e-01,  1.8532e+00, -6.2526e-01, -9.9879e-01],
         [-6.7590e-01,  1.0141e+00,  7.6914e-02,  7.9069e-02],
         [-3.5782e-02,  2.0304e+00,  3.5634e-02, -1.9301e+00],
         [ 2.4964e-01,  1.7057e+00, -1.8213e+00,  8.0849e-01],
         [ 3.4969e-01,  1.1417e+00, -1.6106e+00,  5.4226e-01],
         [ 2.1724e-01,  3.4922e-01, -2.2401e-01, -4.4646e-02],
         [ 1.0301e-01,  1.9596e+00, -5.5918e-01, -8.0482e-01],
         [-6.4994e-01,  9.8299e-01,  1.1002e-01,  1.4813e-01],
         [-4.7297e-02,  2.0481e+00,  5.5205e-02, -1.7620e+00],
         [ 3.0637e-01,  1.6644e+00, -1.7861e+00,  8.4907e-01],
         [ 2.9770e-01,  1.1522e+00, -1.5082e+00,  6.7127e-01],
         [ 1.6748e-01,  3.8463e-01, -1.7398e-01,  1.3275e-02],
         [ 2.1011e-01,  1.9648e+00, -6.4813e-01, -7.2183e-01],
         [-6.4512e-01,  8.9361e-01,  1.7686e-01,  1.7624e-01],
         [ 2.2431e-02,  2.1002e+00, -1.0475e-01, -1.6587e+00],
         [ 1.9132e-01,  1.4500e+00, -1.7926e+00,  7.7840e-01],
         [ 2.1503e-01,  1.0350e+00, -1.5203e+00,  7.4370e-01],
         [ 1.4277e-01,  3.6978e-01, -2.8837e-01,  3.2056e-02],
         [ 9.5879e-02,  1.7578e+00, -6.6988e-01, -6.5784e-01],
         [-6.8334e-01,  8.8843e-01,  1.4569e-01,  1.8533e-01],
         [-9.4274e-02,  1.8652e+00, -9.8503e-02, -1.6018e+00],
         [ 2.7534e-01,  1.3180e+00, -1.8201e+00,  8.1961e-01],
         [ 2.7664e-01,  9.3358e-01, -1.5224e+00,  6.9180e-01],
         [ 2.8788e-01,  2.6635e-01, -3.2706e-01, -8.9823e-02],
         [-4.1118e-02,  1.5821e+00, -8.3199e-01, -5.9406e-01],
         [-4.6606e-01,  7.8681e-01, -8.7824e-03,  1.6480e-01],
         [-1.7224e-01,  1.6194e+00, -1.3918e-01, -1.4862e+00],
         [ 2.7496e-01,  1.2077e+00, -2.0124e+00,  7.8405e-01],
         [ 2.2096e-01,  8.1658e-01, -1.5438e+00,  6.3204e-01],
         [-8.9516e-03,  3.1936e-01, -2.9994e-01,  7.3751e-03],
         [ 2.4154e-01,  1.4091e+00, -1.0136e+00, -6.0391e-01],
         [-6.0040e-01,  8.8287e-01,  1.4760e-01,  7.8690e-02],
         [ 9.1033e-02,  1.4508e+00, -1.1398e-01, -1.7032e+00],
         [ 1.6454e-01,  8.4207e-01, -1.3657e+00,  7.2208e-01],
         [ 2.1527e-01,  5.7799e-01, -1.6806e+00,  4.6882e-01],
         [ 4.8656e-01,  2.5057e-01, -2.0100e-01,  7.7468e-02],
         [ 1.8908e-01,  9.8342e-01, -6.5428e-01, -5.7362e-01],
         [-4.3496e-01,  2.4461e-01, -1.3657e-02, -4.2993e-01],
         [-7.1521e-02,  9.8349e-01, -2.2584e-02, -1.2764e+00],
         [-8.5288e-02,  8.9505e-01, -2.1553e+00,  8.9653e-01],
         [-2.0381e-01,  3.4110e-01, -1.2104e+00,  4.2842e-01],
         [-1.5315e-01,  3.2608e-01, -5.7431e-01,  2.5419e-01],
         [ 3.8525e-01,  1.1525e+00, -1.2201e+00, -7.5209e-01],
         [-8.2268e-01,  6.3241e-01,  2.5865e-01, -7.3070e-01],
         [ 4.8549e-01,  1.1806e+00, -6.2135e-01, -1.4079e+00],
         [-1.0363e+00,  6.3436e-01, -1.6701e+00,  8.0639e-01],
         [-9.6342e-01,  4.2038e-01, -1.4136e+00,  4.3737e-01],
         [ 2.5686e-01,  2.6319e-01, -2.9619e-01, -3.5194e-02],
         [-8.2697e-01,  1.2283e+00, -1.7617e+00, -6.2033e-01],
         [-6.8118e-01,  1.2843e-01, -1.9415e-01, -6.4511e-01],
         [-1.2444e-01,  1.1016e+00, -1.1957e+00, -1.3844e+00],
         [-3.2814e-01,  9.4123e-01, -7.9980e-01,  6.5001e-01],
         [-2.3485e-01,  1.8012e-01, -8.7347e-01,  3.2035e-01],
         [-1.1838e-01,  9.3704e-01, -3.3982e-01, -4.9163e-01],
         [-3.8043e-01,  9.8713e-01, -2.2319e+00, -5.4948e-01],
         [-2.0176e-01, -3.9763e-01,  2.4630e-01,  2.9116e-02],
         [-9.1703e-01,  1.1025e+00, -1.8944e+00, -8.0686e-01],
         [ 5.0138e-02,  6.9605e-01, -1.4311e+00,  8.3765e-01],
         [ 2.6728e-02,  4.5246e-01, -1.2159e+00,  8.0559e-01],
         [-3.8673e-01,  4.7712e-01, -2.8574e-01, -4.5129e-01],
         [-4.6944e-01,  7.8188e-01, -7.8057e-01, -1.1074e-01],
         [-1.5012e-01,  4.3624e-01, -1.6454e-01,  4.1921e-01],
         [-4.7905e-01,  6.8300e-01, -6.0398e-01, -9.1213e-01],
         [ 4.7972e-01,  1.2678e+00, -2.0570e+00,  9.8915e-01],
         [ 2.9184e-01,  8.1295e-01, -1.3503e+00,  1.0986e+00],
         [ 1.1335e-01,  2.9198e-01,  2.7369e-02, -2.3968e-02],
         [ 4.3068e-01,  1.2502e+00, -8.6846e-01, -6.0313e-01],
         [-6.3161e-01,  4.8272e-01,  1.4075e-01,  5.5521e-02],
         [ 4.3152e-01,  1.3343e+00, -6.3061e-01, -1.3296e+00],
         [ 3.9767e-01,  1.6436e+00, -1.7750e+00,  9.3780e-01],
         [ 2.6112e-01,  9.3382e-01, -1.4340e+00,  7.2009e-01],
         [ 1.2319e-01,  3.7678e-01, -1.7955e-01, -1.0790e-01],
         [ 1.4063e-01,  1.7044e+00, -3.5381e-01, -9.0473e-01],
         [-6.6061e-01,  8.4846e-01, -1.1347e-01,  2.1637e-01],
         [-9.4769e-02,  1.7940e+00, -3.1270e-04, -1.8342e+00],
         [ 2.6440e-01,  1.5473e+00, -1.9650e+00,  8.5441e-01],
         [ 2.2530e-01,  8.6690e-01, -1.5401e+00,  6.5121e-01],
         [ 8.1919e-02,  5.0004e-01, -2.1472e-01, -2.0634e-02],
         [ 1.5703e-01,  1.6849e+00, -4.7826e-01, -9.3630e-01],
         [-7.9617e-01,  9.8420e-01,  4.6127e-02,  1.2563e-01],
         [-1.0430e-01,  1.7998e+00, -2.2831e-03, -1.8845e+00],
         [ 1.4746e-01,  1.5048e+00, -2.0098e+00,  9.0465e-01],
         [ 2.6375e-01,  9.4038e-01, -1.6699e+00,  6.7437e-01],
         [ 2.9376e-01,  4.1307e-01, -3.8467e-01, -5.5593e-02],
         [-1.6444e-01,  1.6865e+00, -7.4447e-01, -9.4320e-01],
         [-5.4443e-01,  9.0942e-01, -3.7402e-02,  1.6315e-01],
         [-3.6934e-01,  1.7709e+00, -1.8915e-01, -1.8095e+00],
         [ 2.1634e-01,  1.5037e+00, -1.9726e+00,  8.7681e-01],
         [ 2.4986e-01,  9.0906e-01, -1.5577e+00,  7.5582e-01],
         [ 1.1437e-01,  4.5785e-01, -3.5057e-01, -6.8402e-02],
         [ 2.8112e-01,  1.5997e+00, -9.3673e-01, -8.2425e-01],
         [-5.8240e-01,  8.4128e-01,  1.8104e-01,  1.3224e-01],
         [ 2.9587e-02,  1.7383e+00, -4.3446e-01, -1.7467e+00],
         [ 1.0819e-01,  1.6281e+00, -1.9259e+00,  1.0795e+00],
         [ 2.3248e-01,  1.1017e+00, -1.7060e+00,  8.2387e-01],
         [ 1.7222e-01,  3.2246e-01, -3.0587e-01, -1.7638e-01],
         [ 2.0378e-01,  1.7873e+00, -8.9555e-01, -4.8849e-01],
         [-5.6187e-01,  8.2061e-01,  1.4209e-01,  1.8049e-01],
         [ 1.0770e-01,  1.8106e+00, -3.0836e-01, -1.4390e+00],
         [ 2.1816e-01,  1.6399e+00, -1.8076e+00,  1.2224e+00],
         [ 2.0233e-01,  1.2213e+00, -1.5243e+00,  1.0128e+00],
         [ 1.7355e-02,  3.9989e-01, -1.9396e-01, -5.6911e-02],
         [ 2.9508e-01,  1.8784e+00, -9.0064e-01, -3.4354e-01],
         [-5.9602e-01,  6.8420e-01,  2.5535e-01,  2.1065e-01],
         [ 1.1043e-01,  1.8808e+00, -4.4653e-01, -1.2139e+00],
         [-1.1330e-03,  1.4955e+00, -1.9322e+00,  1.2714e+00],
         [ 1.8130e-01,  1.1998e+00, -1.5667e+00,  1.0198e+00],
         [-2.1732e-02,  4.4035e-01, -3.6974e-01, -1.4715e-01],
         [-1.7769e-02,  1.6395e+00, -9.0447e-01, -2.0400e-01],
         [-6.0209e-01,  6.4280e-01,  2.3799e-01,  3.3064e-01],
         [-2.8226e-01,  1.7143e+00, -3.6178e-01, -1.2319e+00],
         [ 1.7265e-01,  1.3698e+00, -1.8825e+00,  1.1893e+00],
         [ 2.4931e-01,  1.0404e+00, -1.5710e+00,  9.0578e-01],
         [ 1.7363e-01,  3.1755e-01, -3.4278e-01, -2.5716e-01],
         [-1.4943e-01,  1.4398e+00, -9.2565e-01, -3.4405e-01],
         [-4.5530e-01,  5.5202e-01,  2.9481e-02,  2.3985e-01],
         [-3.7585e-01,  1.4891e+00, -3.5607e-01, -1.2128e+00],
         [ 3.2392e-01,  1.2019e+00, -1.9396e+00,  9.3725e-01],
         [ 1.7958e-01,  7.5489e-01, -1.4765e+00,  8.0885e-01],
         [-2.9188e-02,  4.8205e-01, -1.5359e-01, -2.3445e-02],
         [ 3.4089e-01,  1.3748e+00, -8.5287e-01, -5.3148e-01],
         [-6.8651e-01,  6.6227e-01,  1.5438e-01,  1.2378e-01],
         [ 1.6283e-01,  1.4407e+00, -3.5676e-01, -1.4017e+00],
         [ 2.3572e-01,  9.9991e-01, -1.5877e+00,  7.8317e-01],
         [ 2.5425e-01,  5.1371e-01, -1.5765e+00,  5.2334e-01],
         [ 5.5630e-01,  4.2153e-01, -9.0383e-02, -6.5171e-02],
         [ 1.9992e-01,  1.1572e+00, -5.5969e-01, -5.4010e-01],
         [-5.2458e-01,  1.6527e-01, -3.9960e-02, -4.4004e-01],
         [ 7.6046e-03,  8.9879e-01, -1.0587e-02, -1.2022e+00],
         [-8.1867e-02,  7.2225e-01, -2.0555e+00,  8.6466e-01],
         [-3.5749e-01,  9.1401e-02, -1.2492e+00,  5.8342e-01],
         [-1.9955e-01,  4.7220e-01, -3.7947e-01,  3.7638e-01],
         [ 5.0374e-01,  1.1031e+00, -1.2922e+00, -6.7217e-01],
         [-9.1545e-01,  5.4670e-01,  2.6515e-01, -8.5108e-01],
         [ 5.1599e-01,  1.2436e+00, -7.9460e-01, -1.4105e+00],
         [-1.0626e+00,  8.4328e-01, -1.9987e+00,  8.9115e-01],
         [-9.8881e-01,  2.6874e-01, -1.4328e+00,  6.2732e-01],
         [ 4.5316e-01,  3.0938e-01, -3.8711e-01, -7.3881e-02],
         [-8.8311e-01,  1.0201e+00, -1.9311e+00, -5.0455e-01],
         [-6.1939e-01, -6.5459e-02, -3.1356e-01, -7.0855e-01],
         [-6.3911e-01,  9.0772e-01, -1.4479e+00, -1.2434e+00],
         [-2.7499e-01,  1.0087e+00, -7.5833e-01,  6.3881e-01],
         [-4.3613e-01, -2.4375e-01, -8.3526e-01,  3.6022e-01],
         [ 5.7299e-02,  9.2530e-01, -2.8289e-01, -3.8231e-01],
         [-2.4663e-01,  7.6396e-01, -2.2916e+00, -4.5244e-01],
         [-1.0902e-01, -4.4422e-01,  3.2398e-01, -9.8698e-03],
         [-9.1896e-01,  8.5892e-01, -2.1877e+00, -5.7049e-01],
         [-9.3579e-02,  4.9126e-01, -1.3453e+00,  9.0857e-01],
         [ 1.6647e-02,  5.0827e-01, -1.3352e+00,  8.8467e-01],
         [-3.0537e-01,  3.3790e-01, -4.2633e-01, -4.8981e-01],
         [-3.8626e-01,  7.6231e-01, -9.9723e-01,  2.1330e-01],
         [-5.6174e-02,  3.9041e-01,  2.8903e-03,  4.0404e-01],
         [-3.4340e-01,  5.6062e-01, -5.7220e-01, -6.5873e-01],
         [ 2.8727e-01,  1.0607e+00, -1.9424e+00,  1.1129e+00],
         [ 3.3183e-01,  9.3829e-01, -1.4715e+00,  1.3136e+00],
         [ 1.5559e-01,  2.3882e-01, -1.1238e-01, -4.9920e-02],
         [ 5.9051e-01,  1.1756e+00, -1.1824e+00, -2.4871e-02],
         [-4.3481e-01,  3.6176e-01,  4.7214e-01, -2.2305e-02],
         [ 5.6524e-01,  1.1695e+00, -6.9661e-01, -8.4903e-01],
         [ 1.2047e-01,  1.3036e+00, -1.7261e+00,  1.0045e+00],
         [ 3.7589e-01,  1.0428e+00, -1.4767e+00,  1.0200e+00],
         [ 1.2557e-01,  2.4896e-01, -2.7979e-01, -1.6769e-01],
         [ 2.0453e-01,  1.4557e+00, -7.3050e-01, -2.5054e-01],
         [-3.9621e-01,  6.5470e-01,  8.6145e-02,  2.4614e-01],
         [-1.7205e-02,  1.4264e+00, -2.1767e-01, -1.1427e+00],
         [-4.0127e-02,  1.1054e+00, -1.9180e+00,  8.7188e-01],
         [ 2.7105e-01,  7.9307e-01, -1.6891e+00,  9.0369e-01],
         [ 6.3187e-02,  3.4121e-01, -3.2946e-01,  6.9615e-03],
         [ 1.2613e-01,  1.2009e+00, -9.8501e-01, -3.6477e-01],
         [-4.3990e-01,  8.3993e-01,  2.3412e-01,  1.3152e-01],
         [-2.3472e-02,  1.2346e+00, -3.1691e-01, -1.4066e+00],
         [-9.4689e-02,  1.0349e+00, -1.9272e+00,  8.5610e-01],
         [ 2.8681e-01,  7.5309e-01, -1.8066e+00,  7.8443e-01],
         [ 1.6901e-01,  2.7512e-01, -3.7489e-01,  4.3688e-02],
         [-1.8081e-01,  1.1839e+00, -1.2160e+00, -5.0523e-01],
         [-2.3836e-01,  8.5413e-01,  5.7433e-02,  8.3288e-02],
         [-3.9386e-01,  1.1951e+00, -6.3315e-01, -1.3404e+00],
         [ 2.7910e-02,  1.0461e+00, -2.0184e+00,  9.6181e-01],
         [ 2.8481e-01,  7.7969e-01, -1.7522e+00,  8.0954e-01],
         [ 8.4692e-02,  3.0274e-01, -3.0159e-01,  1.4953e-02],
         [ 3.3756e-01,  1.2121e+00, -1.5020e+00, -3.6199e-01],
         [-4.3535e-01,  7.9121e-01,  3.3580e-01,  5.6679e-02],
         [ 2.3771e-01,  1.2293e+00, -7.3814e-01, -1.2490e+00],
         [ 2.8357e-02,  1.2326e+00, -1.8320e+00,  1.2602e+00],
         [ 2.2725e-01,  1.1477e+00, -1.8807e+00,  1.0285e+00],
         [ 2.4239e-01,  7.7287e-02, -2.9491e-01, -1.8685e-01],
         [ 4.0576e-01,  1.6003e+00, -1.3779e+00, -1.1123e-01],
         [-4.2654e-01,  6.5230e-01,  2.3604e-01,  1.0528e-01],
         [ 3.8290e-01,  1.5217e+00, -4.8906e-01, -1.0203e+00],
         [ 6.4434e-02,  1.3393e+00, -1.6612e+00,  1.5021e+00],
         [ 2.2118e-01,  1.4353e+00, -1.5792e+00,  1.3550e+00],
         [-2.8546e-02,  1.7592e-01, -1.4041e-01, -1.4172e-01],
         [ 5.0758e-01,  1.7861e+00, -1.2142e+00,  9.0545e-02],
         [-6.3215e-01,  4.7636e-01,  3.4995e-01,  1.3797e-01],
         [ 4.3402e-01,  1.6807e+00, -5.0668e-01, -6.2081e-01],
         [-3.8650e-01,  1.3108e+00, -1.8273e+00,  1.5343e+00],
         [ 1.2039e-01,  1.3269e+00, -1.6665e+00,  1.3405e+00],
         [ 2.8399e-03,  1.5924e-01, -4.0608e-01, -3.1929e-01],
         [-2.1558e-01,  1.5484e+00, -1.1485e+00,  3.3029e-01],
         [-4.7663e-01,  4.6137e-01,  1.9814e-01,  5.1810e-01],
         [-5.0607e-01,  1.4346e+00, -2.8201e-01, -6.6497e-01],
         [-1.2056e-01,  1.1717e+00, -1.8069e+00,  1.3420e+00],
         [ 2.3483e-01,  1.0990e+00, -1.6322e+00,  1.3304e+00],
         [ 2.1634e-01,  8.9320e-02, -4.4577e-01, -4.3683e-01],
         [-2.3700e-01,  1.2275e+00, -1.0587e+00,  6.1611e-02],
         [-2.9526e-01,  3.4739e-01, -4.3050e-02,  2.2598e-01],
         [-5.9746e-01,  1.1899e+00, -2.5189e-01, -8.2967e-01],
         [ 1.0357e-01,  1.0675e+00, -1.9389e+00,  1.0146e+00],
         [ 2.2415e-01,  8.4087e-01, -1.5978e+00,  1.1504e+00],
         [ 4.7195e-02,  2.6695e-01, -1.8855e-01, -1.1643e-01],
         [ 4.1435e-01,  1.2026e+00, -9.6497e-01, -1.5714e-01],
         [-5.5984e-01,  5.5027e-01,  1.9689e-01,  4.4169e-02],
         [ 4.4393e-02,  1.1852e+00, -3.3464e-01, -1.1389e+00],
         [-1.4504e-02,  8.1030e-01, -1.6082e+00,  1.0005e+00],
         [ 3.0785e-01,  5.0922e-01, -1.6655e+00,  9.6324e-01],
         [ 6.0424e-01,  2.8239e-01, -1.0211e-01, -1.1372e-01],
         [ 1.0837e-01,  8.5917e-01, -5.5490e-01, -3.4682e-01],
         [-2.3315e-01,  8.4762e-02, -9.5046e-02, -4.6618e-01],
         [ 5.0785e-02,  6.2423e-01,  1.3055e-02, -1.0321e+00],
         [-2.8978e-01,  8.0918e-01, -2.0372e+00,  9.2309e-01],
         [-4.1895e-01,  8.2560e-03, -1.4213e+00,  6.4533e-01],
         [-3.2543e-01,  6.1533e-01, -4.0908e-01,  1.5703e-01],
         [ 4.2448e-01,  8.3091e-01, -1.2889e+00, -4.8025e-01],
         [-6.7768e-01,  4.9371e-01,  2.9663e-01, -7.6143e-01],
         [ 2.8246e-01,  8.5852e-01, -9.4500e-01, -1.2859e+00],
         [-1.2614e+00,  6.0382e-01, -2.0851e+00,  1.0482e+00],
         [-1.0154e+00,  3.0341e-01, -1.6652e+00,  8.0182e-01],
         [ 4.9749e-01,  1.8224e-01, -5.9808e-01, -3.6880e-02],
         [-1.0530e+00,  6.5350e-01, -1.9992e+00, -3.6270e-01],
         [-3.6122e-01, -1.0733e-01, -3.8713e-01, -6.1530e-01],
         [-7.3409e-01,  5.4414e-01, -1.4085e+00, -1.1644e+00],
         [-2.7128e-01,  9.7460e-01, -7.4680e-01,  7.3061e-01],
         [-4.0301e-01, -2.4242e-01, -8.7312e-01,  4.0645e-01],
         [-1.7371e-01,  1.0047e+00, -2.4579e-01, -3.4620e-01],
         [-7.2312e-02,  5.7586e-01, -2.3477e+00, -4.0405e-01],
         [ 5.5582e-02, -5.2611e-01,  2.5310e-01, -1.0044e-01],
         [-8.7042e-01,  6.6888e-01, -2.3513e+00, -5.7687e-01],
         [-2.9768e-02,  5.3637e-01, -1.4020e+00,  8.9849e-01],
         [ 6.4592e-03,  4.3400e-01, -1.4681e+00,  8.7218e-01],
         [-2.6579e-01,  4.1977e-01, -3.3699e-01, -4.8647e-01],
         [-2.8533e-01,  8.9060e-01, -1.0982e+00,  2.1903e-01],
         [-1.6320e-01,  4.4467e-01, -1.0045e-02,  4.3688e-01],
         [-1.4312e-01,  6.0941e-01, -7.1038e-01, -6.6610e-01],
         [ 4.4104e-01,  9.9491e-01, -2.0538e+00,  1.1898e+00],
         [ 2.4781e-01,  7.5016e-01, -1.6062e+00,  1.3295e+00],
         [ 1.7388e-01,  3.3852e-01, -3.5855e-02,  5.1462e-02],
         [ 7.5125e-01,  1.3158e+00, -1.3746e+00,  6.9627e-02],
         [-6.5963e-01,  3.8678e-01,  4.7757e-01, -5.0811e-02],
         [ 6.2085e-01,  1.2146e+00, -9.6469e-01, -8.7026e-01],
         [ 1.3924e-01,  1.1296e+00, -2.0464e+00,  1.1485e+00],
         [ 2.8535e-01,  8.4612e-01, -1.6403e+00,  1.0075e+00],
         [ 1.5196e-01,  3.2442e-01, -3.5003e-01, -1.3526e-01],
         [-1.3542e-01,  1.4852e+00, -1.1160e+00, -1.3264e-01],
         [-5.0784e-01,  6.3293e-01,  8.5464e-02,  2.4377e-01],
         [-1.9551e-01,  1.3757e+00, -4.5088e-01, -1.0916e+00],
         [ 8.2919e-02,  8.7693e-01, -2.1326e+00,  1.1351e+00],
         [ 1.6141e-01,  6.2938e-01, -1.7623e+00,  7.6242e-01],
         [-1.2649e-02,  4.9453e-01, -2.5064e-01,  6.1762e-02],
         [-1.9016e-02,  1.0727e+00, -1.3847e+00, -2.6915e-01],
         [-4.7508e-01,  6.3261e-01,  2.9418e-01,  1.7791e-01],
         [-1.7581e-01,  1.1541e+00, -6.3201e-01, -1.4083e+00],
         [ 6.3425e-02,  7.0974e-01, -1.9766e+00,  1.0442e+00],
         [ 2.3698e-01,  6.4212e-01, -1.8167e+00,  6.6117e-01],
         [-5.7118e-02,  3.7890e-01, -4.5582e-01,  7.9125e-02],
         [-1.7647e-01,  9.3551e-01, -1.3718e+00, -5.7398e-01],
         [-4.8497e-01,  6.2735e-01,  1.6943e-01,  9.3296e-02],
         [-3.4884e-01,  9.5354e-01, -7.3474e-01, -1.3636e+00],
         [ 1.2498e-01,  6.4174e-01, -1.9800e+00,  1.0346e+00],
         [ 2.5955e-01,  4.9635e-01, -1.8020e+00,  8.7217e-01],
         [-1.0545e-01,  2.1334e-01, -3.3477e-01,  8.7814e-02],
         [ 3.3037e-01,  9.4791e-01, -1.4715e+00, -4.4808e-01],
         [-6.7770e-01,  5.9110e-01,  3.4164e-01,  2.0264e-01],
         [ 4.4935e-01,  9.7219e-01, -8.7663e-01, -1.1780e+00],
         [ 2.5127e-01,  9.5794e-01, -1.8708e+00,  1.3839e+00],
         [ 2.5774e-01,  9.2054e-01, -1.8248e+00,  1.1666e+00],
         [ 2.0972e-01, -3.4094e-02, -2.7307e-01, -1.1487e-01],
         [ 5.1573e-01,  1.4593e+00, -1.2948e+00, -7.4240e-02],
         [-5.9169e-01,  4.0949e-01,  5.0577e-02,  6.6690e-02],
         [ 6.3560e-01,  1.2182e+00, -5.4823e-01, -8.9822e-01],
         [ 2.2818e-01,  1.1689e+00, -1.6268e+00,  1.7210e+00],
         [ 1.1826e-01,  1.2898e+00, -1.5999e+00,  1.4744e+00],
         [ 1.6120e-02,  1.0442e-01, -1.3487e-01,  3.3718e-02],
         [ 6.9836e-01,  1.7947e+00, -1.2402e+00,  2.5887e-01],
         [-9.1349e-01,  3.2135e-01,  4.3353e-01,  1.0113e-02],
         [ 7.4053e-01,  1.6032e+00, -5.1398e-01, -5.5386e-01],
         [-4.5978e-01,  1.2399e+00, -1.7937e+00,  1.6868e+00],
         [-3.8518e-02,  1.4213e+00, -1.7056e+00,  1.5522e+00],
         [ 2.0245e-01,  1.1682e-03, -4.3207e-01, -3.0268e-01],
         [-6.6323e-01,  1.7002e+00, -1.1485e+00,  5.0641e-01],
         [-4.8328e-01,  3.6187e-01,  1.5601e-01,  6.7189e-01],
         [-7.6908e-01,  1.5309e+00, -1.6135e-01, -4.7383e-01],
         [-1.9560e-01,  1.2318e+00, -1.8520e+00,  1.3766e+00],
         [ 1.2013e-01,  1.2987e+00, -1.5515e+00,  1.5197e+00],
         [ 3.4381e-01,  4.4304e-02, -2.8434e-01, -4.0635e-01],
         [-2.9010e-01,  1.5046e+00, -1.0588e+00,  1.7803e-01],
         [-2.9791e-01,  1.8930e-01,  1.2826e-01,  3.2029e-01],
         [-5.5382e-01,  1.4388e+00, -2.8870e-01, -6.8089e-01],
         [-8.7619e-02,  1.2933e+00, -1.9927e+00,  1.0397e+00],
         [ 9.3649e-02,  1.1066e+00, -1.5619e+00,  1.2215e+00],
         [ 8.5297e-02,  3.3196e-01, -1.9996e-01, -4.2391e-02],
         [ 3.4149e-01,  1.6297e+00, -1.0881e+00, -1.3346e-02],
         [-6.2674e-01,  5.5203e-01,  2.8008e-01, -3.5881e-02],
         [ 1.0402e-01,  1.4138e+00, -4.2674e-01, -9.9353e-01],
         [-1.1512e-01,  9.8412e-01, -1.6010e+00,  1.1026e+00],
         [ 1.4646e-01,  7.3818e-01, -1.6802e+00,  1.0472e+00],
         [ 7.9098e-01,  3.4670e-01, -1.8665e-01, -1.2493e-02],
         [ 3.0196e-03,  1.3064e+00, -8.5408e-01, -1.2330e-01],
         [-2.2728e-01,  7.8428e-02,  2.6734e-03, -4.9540e-01],
         [-5.7063e-02,  8.7726e-01, -2.1457e-01, -9.4226e-01],
         [-3.4561e-01,  8.3043e-01, -1.9385e+00,  1.0182e+00],
         [-5.5007e-01,  2.0383e-01, -1.4763e+00,  6.1915e-01],
         [-3.4418e-01,  7.4796e-01, -4.2152e-01,  1.0623e-01],
         [ 4.3558e-01,  1.1407e+00, -1.7186e+00, -2.6133e-01],
         [-7.3535e-01,  4.0885e-01,  4.2701e-01, -6.6586e-01],
         [ 3.3276e-01,  1.0862e+00, -1.0163e+00, -1.1767e+00],
         [-1.2363e+00,  5.0172e-01, -1.8884e+00,  1.1808e+00],
         [-1.1111e+00,  4.8138e-01, -1.6275e+00,  7.6627e-01],
         [ 4.4870e-01,  1.6536e-01, -5.0625e-01, -1.5203e-02],
         [-1.1715e+00,  8.5120e-01, -1.9821e+00, -3.7524e-01],
         [-4.4050e-01, -3.1124e-01, -4.0014e-01, -4.7452e-01],
         [-7.9550e-01,  5.4374e-01, -1.2033e+00, -1.0321e+00],
         [-2.5272e-01,  8.3900e-01, -6.1055e-01,  7.8503e-01],
         [-3.0815e-01, -3.5734e-02, -6.4173e-01,  4.1026e-01],
         [-3.8965e-01,  9.5483e-01, -1.9885e-01, -4.2701e-01],
         [ 5.4275e-02,  7.4001e-01, -2.3303e+00, -4.6713e-01],
         [-2.2986e-01, -6.4493e-01,  2.3968e-01, -4.1521e-02],
         [-7.1717e-01,  8.1696e-01, -2.0999e+00, -5.8966e-01],
         [-9.5686e-02,  3.0733e-01, -1.4875e+00,  9.9808e-01],
         [-1.8580e-04,  1.1431e-01, -1.5760e+00,  1.0189e+00],
         [-2.7814e-01,  4.5222e-01, -4.2572e-01, -4.6010e-01],
         [-2.4225e-01,  6.4157e-01, -1.2458e+00,  2.9737e-01],
         [-8.9741e-02,  4.3405e-01, -1.1025e-01,  3.7832e-01],
         [-2.4472e-01,  3.7549e-01, -9.3551e-01, -6.6649e-01],
         [ 3.2305e-01,  6.4190e-01, -2.3367e+00,  1.3681e+00],
         [ 2.3766e-01,  4.2281e-01, -1.8914e+00,  1.5531e+00],
         [ 1.4383e-01,  3.3736e-01, -2.2090e-01,  9.9045e-02],
         [ 8.1220e-01,  7.8725e-01, -1.7704e+00,  2.5383e-01],
         [-4.6794e-01,  4.0434e-01,  4.3021e-01, -1.0337e-01],
         [ 7.0554e-01,  6.8564e-01, -1.2713e+00, -7.7083e-01],
         [-8.7859e-02,  7.1829e-01, -2.1631e+00,  1.2983e+00],
         [ 2.2949e-01,  3.4428e-01, -2.0350e+00,  1.2490e+00],
         [ 2.4048e-01,  2.7000e-01, -4.1901e-01, -1.5654e-01],
         [-2.9858e-01,  8.3513e-01, -1.4195e+00,  3.4528e-02],
         [-1.5844e-01,  4.6765e-01,  1.7273e-01,  1.9672e-01],
         [-3.4874e-01,  7.5516e-01, -8.9599e-01, -8.8367e-01],
         [-8.3901e-02,  4.1823e-01, -2.1342e+00,  1.1469e+00],
         [ 8.2890e-02,  1.1531e-01, -1.9525e+00,  1.0366e+00],
         [ 2.3256e-02,  4.6098e-01, -2.2591e-01,  2.0429e-02],
         [-9.4891e-02,  5.2471e-01, -1.5670e+00, -6.3975e-03],
         [-2.7558e-01,  4.4196e-01,  2.5986e-01,  1.8727e-01],
         [-1.7507e-01,  4.8447e-01, -9.3012e-01, -9.3133e-01],
         [-5.1555e-02,  1.5044e-01, -1.9406e+00,  1.1127e+00],
         [ 2.2088e-01,  1.7485e-01, -1.9506e+00,  9.6249e-01],
         [-9.5637e-02,  4.3595e-01, -4.1640e-01,  8.3178e-02],
         [ 9.1584e-03,  4.0242e-01, -1.3747e+00, -1.6108e-01],
         [-4.1913e-01,  4.9767e-01,  2.3185e-01, -7.4734e-02],
         [-2.0501e-01,  3.7791e-01, -7.4941e-01, -1.1003e+00],
         [ 7.6725e-02,  1.5603e-01, -1.9850e+00,  1.1256e+00],
         [ 3.5599e-01,  1.0140e-01, -2.0600e+00,  1.1263e+00],
         [ 4.0913e-02,  2.3344e-01, -4.4640e-01,  2.1305e-02],
         [ 4.4256e-01,  5.9261e-01, -1.4747e+00, -5.2104e-02],
         [-5.3149e-01,  5.0835e-01,  3.5965e-01,  1.2069e-01],
         [ 3.9025e-01,  2.4167e-01, -9.1635e-01, -9.7027e-01],
         [ 3.7110e-01,  5.1208e-01, -1.9578e+00,  1.5392e+00],
         [ 3.1334e-01,  4.3595e-01, -2.0423e+00,  1.5481e+00],
         [ 3.6963e-01,  3.5531e-02, -3.4092e-01, -7.8259e-02],
         [ 9.3861e-01,  9.6277e-01, -1.2801e+00,  2.2780e-01],
         [-5.5676e-01,  8.6994e-02,  3.0082e-02, -2.0565e-01],
         [ 9.9178e-01,  5.9778e-01, -7.1834e-01, -7.1145e-01],
         [ 2.0871e-01,  9.6377e-01, -1.8092e+00,  2.0061e+00],
         [ 1.6340e-01,  8.1162e-01, -1.7710e+00,  1.7383e+00],
         [-3.5911e-02,  1.9325e-01, -2.1009e-01,  2.0512e-01],
         [ 9.0536e-01,  1.5071e+00, -1.4321e+00,  5.7853e-01],
         [-7.3793e-01,  3.0644e-01,  3.1025e-01, -3.2242e-02],
         [ 9.9229e-01,  1.0408e+00, -8.2199e-01, -4.7151e-01],
         [-6.2257e-01,  1.0733e+00, -1.8870e+00,  1.8453e+00],
         [-3.0719e-01,  1.2254e+00, -1.9168e+00,  1.7636e+00],
         [ 2.7366e-01, -1.6867e-01, -4.7607e-01, -2.3951e-01],
         [-1.0030e+00,  1.4369e+00, -1.3166e+00,  7.5074e-01],
         [-3.4527e-01,  1.8680e-01,  1.3842e-01,  7.3634e-01],
         [-9.3509e-01,  1.3594e+00, -4.8323e-01, -3.9006e-01],
         [-2.5330e-01,  1.2135e+00, -1.9338e+00,  1.4381e+00],
         [-1.4453e-01,  1.2349e+00, -1.5543e+00,  1.7027e+00],
         [ 3.5003e-01,  4.3982e-02, -1.1167e-01, -1.7104e-01],
         [-4.3156e-01,  1.6089e+00, -1.1222e+00,  3.3331e-01],
         [-4.0691e-01,  5.5991e-02,  2.9050e-01,  3.1804e-01],
         [-4.8257e-01,  1.5348e+00, -7.2925e-01, -5.4559e-01],
         [-2.2425e-01,  1.3433e+00, -2.1584e+00,  1.2323e+00],
         [-8.4347e-03,  1.2122e+00, -1.6028e+00,  1.3556e+00],
         [ 6.7925e-02,  3.5004e-01, -2.0663e-01, -1.6327e-03],
         [ 6.8942e-02,  1.7963e+00, -1.4588e+00,  4.2258e-02],
         [-6.9007e-01,  5.1870e-01,  3.1503e-01,  9.5649e-03],
         [-3.2437e-02,  1.6678e+00, -7.6496e-01, -1.1071e+00],
         [-1.3128e-01,  1.0265e+00, -1.7283e+00,  1.1529e+00],
         [ 6.8369e-02,  7.6671e-01, -1.7654e+00,  1.1690e+00],
         [ 6.9736e-01,  3.1192e-01, -1.0512e-01, -8.5199e-02],
         [-2.0353e-01,  1.3031e+00, -1.2227e+00, -1.9495e-01],
         [-1.8840e-01, -1.3988e-02, -3.7625e-02, -5.3234e-01],
         [-1.2252e-01,  1.1087e+00, -5.2569e-01, -1.1320e+00],
         [-4.0924e-01,  7.7533e-01, -1.8173e+00,  9.8312e-01],
         [-6.0142e-01,  9.2441e-02, -1.5410e+00,  6.4942e-01],
         [-3.4925e-01,  5.8479e-01, -2.6402e-01,  9.5220e-02],
         [ 3.8171e-01,  1.0365e+00, -1.7985e+00, -2.8984e-01],
         [-8.4305e-01,  3.0753e-01,  2.6675e-01, -7.2646e-01],
         [ 3.0304e-01,  1.1722e+00, -1.1112e+00, -1.1564e+00],
         [-1.1458e+00,  4.3999e-01, -1.8842e+00,  1.1326e+00],
         [-1.0822e+00,  2.6949e-01, -1.5987e+00,  8.5799e-01],
         [ 5.3713e-01, -5.6454e-02, -3.4050e-01,  5.8395e-03],
         [-1.1752e+00,  7.7993e-01, -1.7006e+00, -4.1200e-01],
         [-7.4930e-01, -3.9655e-01, -3.6887e-01, -7.0998e-01],
         [-8.2817e-01,  5.2373e-01, -9.9239e-01, -9.6878e-01],
         [-1.0840e-01,  7.8891e-01, -7.5427e-01,  8.4212e-01],
         [-2.5158e-01, -1.5360e-01, -6.8587e-01,  3.9425e-01],
         [-1.6141e-01,  8.7649e-01, -2.6009e-01, -5.0883e-01],
         [ 1.2363e-02,  7.8232e-01, -2.0854e+00, -3.1473e-01],
         [-3.6074e-01, -5.6840e-01,  2.5711e-01, -2.3423e-02],
         [-7.6272e-01,  7.3680e-01, -1.6661e+00, -6.5792e-01],
         [-2.3209e-01,  6.8535e-02, -1.5507e+00,  1.0633e+00],
         [ 3.5258e-02, -7.2558e-03, -1.7381e+00,  1.1060e+00],
         [-3.8819e-01,  5.2334e-01, -5.9721e-01, -3.4077e-01],
         [-3.3347e-01,  3.9331e-01, -1.4330e+00,  3.3761e-01],
         [-6.8984e-03,  3.9644e-01,  3.2606e-02,  3.6313e-01],
         [-3.2367e-01,  9.7075e-02, -1.1797e+00, -5.6432e-01],
         [ 1.7757e-01,  2.6941e-01, -2.5095e+00,  1.4141e+00],
         [ 1.8791e-01,  9.1814e-02, -2.1526e+00,  1.5941e+00],
         [ 2.7090e-02,  3.8125e-01, -4.2716e-01,  2.2932e-01],
         [ 7.8733e-01,  3.5731e-01, -2.1894e+00,  4.5013e-01],
         [-3.0573e-01,  3.1842e-01,  5.2338e-01, -3.4471e-02],
         [ 7.9958e-01,  2.6956e-01, -1.7494e+00, -5.7528e-01],
         [-1.5930e-01,  2.3456e-01, -2.2829e+00,  1.3230e+00],
         [ 1.9491e-01, -3.9079e-02, -2.2350e+00,  1.3186e+00],
         [ 1.0204e-01,  3.2714e-01, -5.2115e-01,  7.3270e-02],
         [-3.3384e-01,  3.4583e-01, -1.9290e+00,  1.2843e-01],
         [ 3.8256e-02,  4.3216e-01,  3.3027e-01,  1.6720e-01],
         [-4.4583e-01,  2.3155e-01, -1.5190e+00, -8.0103e-01],
         [-9.6500e-02, -6.3846e-02, -2.1781e+00,  1.0461e+00],
         [ 1.7290e-01, -1.7503e-01, -2.0889e+00,  1.2796e+00],
         [-5.9208e-02,  3.6533e-01, -2.2035e-01,  2.4528e-02],
         [-3.0332e-02,  7.9481e-02, -1.9267e+00, -4.7388e-02],
         [-1.3210e-01,  3.5130e-01,  3.2967e-01,  1.9566e-01],
         [-3.4450e-02,  1.3325e-01, -1.4330e+00, -8.8979e-01],
         [-6.7220e-02, -1.6829e-01, -2.0437e+00,  1.1330e+00],
         [ 2.3148e-01, -1.4655e-01, -2.0566e+00,  1.0967e+00],
         [-2.0032e-01,  3.7795e-01, -3.5582e-01,  1.2529e-01],
         [ 1.3778e-01, -6.5259e-02, -1.5419e+00, -9.1156e-02],
         [-2.4774e-01,  5.1985e-01,  4.0260e-01,  6.6045e-02],
         [ 7.1805e-02, -8.0266e-02, -1.0312e+00, -1.0502e+00],
         [ 2.7864e-03, -2.0035e-01, -2.0022e+00,  1.2900e+00],
         [ 2.8241e-01, -1.5757e-01, -2.1450e+00,  1.1974e+00],
         [-2.1958e-02,  2.4736e-01, -4.3033e-01,  2.2222e-01],
         [ 4.5631e-01,  2.0637e-02, -1.5062e+00,  1.0813e-01],
         [-2.9548e-01,  4.4836e-01,  3.0871e-01,  3.0944e-02],
         [ 3.9522e-01, -2.3608e-01, -1.0569e+00, -9.2294e-01],
         [ 2.9156e-01,  2.2478e-01, -2.0694e+00,  1.7402e+00],
         [ 2.4687e-01, -1.7350e-02, -2.0316e+00,  1.6896e+00],
         [ 1.7638e-01,  1.0382e-01, -3.6947e-01,  1.9631e-01],
         [ 1.2077e+00,  2.4469e-01, -1.4826e+00,  3.5787e-01],
         [-2.9290e-01,  8.1656e-03, -1.5363e-01, -4.5909e-01],
         [ 1.1173e+00, -2.4078e-02, -1.0078e+00, -6.7790e-01],
         [-1.4435e-03,  6.0149e-01, -2.0572e+00,  1.9905e+00],
         [ 1.9031e-01,  1.5890e-01, -2.0393e+00,  1.8109e+00],
         [-3.4533e-01,  1.0434e-01, -5.7844e-01,  2.8838e-01],
         [ 9.9809e-01,  5.9347e-01, -1.8145e+00,  5.7691e-01],
         [-4.9692e-01,  3.1623e-01,  1.0333e-01, -1.2401e-01],
         [ 1.1001e+00,  2.9627e-01, -1.1990e+00, -4.3916e-01],
         [-7.6753e-01,  7.4379e-01, -2.2685e+00,  1.9876e+00],
         [-3.2707e-01,  5.1711e-01, -2.2242e+00,  1.8043e+00],
         [ 2.9259e-01, -2.5726e-01, -7.4636e-01, -2.4144e-01],
         [-1.0432e+00,  6.0590e-01, -1.6518e+00,  7.8481e-01],
         [ 6.8488e-02,  1.2894e-01, -1.5093e-01,  7.6979e-01],
         [-1.0572e+00,  5.7131e-01, -9.0697e-01, -3.6814e-01],
         [-2.8681e-01,  8.0958e-01, -2.2482e+00,  1.5785e+00],
         [-2.3824e-01,  7.7525e-01, -1.9066e+00,  1.7397e+00],
         [ 1.8445e-01,  2.6549e-02, -1.6353e-01,  1.5425e-01],
         [-3.1737e-01,  1.0063e+00, -1.6284e+00,  4.1066e-01],
         [-2.7870e-01, -1.0022e-02,  2.6920e-01,  1.6617e-01],
         [-1.5053e-01,  9.5512e-01, -1.2852e+00, -5.8961e-01],
         [-4.3548e-01,  1.0451e+00, -2.3170e+00,  1.3855e+00],
         [-1.7125e-01,  7.1684e-01, -1.9998e+00,  1.3791e+00],
         [-2.5008e-02,  3.8372e-01, -4.3832e-01,  1.8077e-01],
         [-3.9352e-01,  1.4433e+00, -2.0348e+00,  2.9288e-01],
         [-4.6829e-01,  4.0152e-01,  3.4972e-01,  1.9855e-01],
         [-2.7052e-01,  1.2477e+00, -1.3989e+00, -9.7860e-01],
         [-5.7569e-02,  6.4462e-01, -1.9553e+00,  1.2978e+00],
         [-1.8713e-01,  2.0295e-01, -1.9180e+00,  1.3095e+00],
         [ 6.3198e-01,  3.3597e-01, -2.8905e-01,  1.8967e-03],
         [-4.6875e-01,  7.7139e-01, -1.7866e+00, -6.1380e-02],
         [-4.4392e-02, -1.7673e-01, -7.6236e-02, -4.4736e-01],
         [-4.2882e-01,  7.7976e-01, -9.6180e-01, -1.0457e+00],
         [-4.0387e-01,  4.3525e-01, -1.9344e+00,  9.6050e-01],
         [-7.7738e-01, -5.2844e-02, -1.6677e+00,  8.3697e-01],
         [-1.9711e-01,  3.4978e-01, -2.5567e-01,  6.6664e-02],
         [ 3.8339e-01,  5.3347e-01, -1.9116e+00, -9.9331e-02],
         [-7.4397e-01,  1.7000e-01,  9.6331e-02, -8.3254e-01],
         [ 2.2625e-01,  8.1051e-01, -1.1414e+00, -1.0297e+00],
         [-1.1917e+00,  4.0736e-01, -1.9695e+00,  1.2800e+00],
         [-1.1135e+00,  1.7418e-01, -1.5337e+00,  1.0547e+00],
         [ 4.9486e-01, -2.4044e-01, -3.5038e-01,  1.1284e-01],
         [-1.0664e+00,  4.4910e-01, -1.4166e+00, -4.4223e-01],
         [-7.0684e-01, -3.1804e-01, -2.9650e-01, -8.5063e-01],
         [-7.3142e-01,  3.1498e-01, -1.0101e+00, -9.4021e-01],
         [-3.5550e-01,  9.9018e-01, -7.8746e-01,  8.6532e-01],
         [-4.0705e-01, -2.2048e-01, -7.5745e-01,  5.4860e-01],
         [-1.2866e-01,  8.3257e-01, -2.4106e-01, -4.4935e-01],
         [-1.9464e-01,  5.3200e-01, -1.8413e+00, -1.6035e-01],
         [-1.4154e-01, -5.0770e-01,  7.5503e-02,  5.8618e-02],
         [-8.8365e-01,  5.9943e-01, -1.6866e+00, -5.3682e-01],
         [-3.0005e-01, -2.1893e-01, -1.6309e+00,  1.1491e+00],
         [ 1.1825e-02, -1.8947e-01, -1.8439e+00,  1.0114e+00],
         [-5.7227e-01,  6.4486e-01, -6.4113e-01, -1.9516e-01],
         [-3.4161e-01,  1.3564e-01, -1.6440e+00,  4.0033e-01],
         [-1.0865e-02,  3.7308e-01,  1.0402e-01,  2.7304e-01],
         [-4.0616e-01, -1.4260e-01, -1.3536e+00, -7.1267e-01],
         [ 1.3359e-01, -7.4559e-02, -2.6941e+00,  1.4250e+00],
         [ 1.2613e-01, -2.3128e-01, -2.3862e+00,  1.4572e+00],
         [-1.7284e-01,  5.2722e-01, -5.4286e-01,  3.1562e-01],
         [ 6.7709e-01,  1.6354e-02, -2.5490e+00,  4.9537e-01],
         [-3.3753e-01,  2.5596e-01,  6.3454e-01,  8.9737e-02],
         [ 7.0564e-01, -8.7125e-02, -1.9867e+00, -5.7232e-01],
         [-9.9568e-02, -2.5236e-01, -2.4550e+00,  1.4252e+00],
         [ 1.3306e-01, -3.2648e-01, -2.3747e+00,  1.3363e+00],
         [-2.5101e-01,  5.0878e-01, -6.6015e-01,  1.9160e-01],
         [-1.9463e-01, -9.6459e-02, -2.2659e+00,  1.4663e-01],
         [-1.5252e-01,  3.2315e-01,  4.7920e-01,  1.1567e-01],
         [-3.1748e-01, -8.3477e-02, -1.8403e+00, -7.8415e-01],
         [-9.3863e-02, -4.9714e-01, -2.4206e+00,  1.2398e+00],
         [ 2.4464e-01, -3.5662e-01, -2.1948e+00,  1.2504e+00],
         [-2.2680e-01,  4.1387e-01, -4.9092e-01,  5.0936e-02],
         [-6.8568e-02, -2.7529e-01, -2.2113e+00, -1.5857e-02],
         [-2.1919e-01,  2.6724e-01,  3.6472e-01,  2.2586e-01],
         [-2.5555e-02, -3.1446e-01, -1.6978e+00, -8.0665e-01],
         [ 4.3455e-02, -7.0411e-01, -2.1623e+00,  1.2136e+00],
         [ 1.7328e-01, -4.1946e-01, -2.2712e+00,  1.1822e+00],
         [-3.2380e-01,  4.2688e-01, -4.9313e-01,  1.8259e-01],
         [ 2.6426e-01, -5.5548e-01, -1.8173e+00, -1.0220e-01],
         [-3.9142e-01,  3.2237e-01,  4.1755e-01,  1.8150e-01],
         [ 3.3217e-01, -5.9286e-01, -1.2835e+00, -1.0413e+00],
         [ 6.7220e-02, -6.4551e-01, -2.1057e+00,  1.3579e+00],
         [ 2.9126e-01, -4.4697e-01, -2.2940e+00,  1.1100e+00],
         [-1.7054e-01,  3.7723e-01, -5.4809e-01,  3.1799e-01],
         [ 4.6038e-01, -4.1650e-01, -1.6967e+00,  7.5386e-02],
         [-4.2616e-01,  2.3219e-01,  2.2943e-01, -2.1896e-02],
         [ 3.3215e-01, -7.1893e-01, -1.1313e+00, -8.9712e-01],
         [ 4.0681e-01, -3.0538e-01, -2.2660e+00,  1.5931e+00],
         [ 2.7041e-01, -4.3349e-01, -2.0872e+00,  1.6437e+00],
         [-8.5930e-02,  1.8814e-01, -5.3483e-01,  5.7938e-01],
         [ 1.2575e+00, -2.7204e-01, -1.7594e+00,  3.3537e-01],
         [-3.9912e-01, -4.4666e-02, -2.1233e-01, -5.6843e-01],
         [ 1.1815e+00, -4.7483e-01, -1.0916e+00, -7.2126e-01],
         [-5.6444e-02, -5.4303e-02, -2.1683e+00,  1.8586e+00],
         [ 2.1668e-01, -4.4053e-01, -2.2737e+00,  1.5485e+00],
         [-4.0083e-01,  1.9039e-01, -9.3068e-01,  4.3335e-01],
         [ 9.8627e-01, -2.2837e-01, -2.1804e+00,  5.4452e-01],
         [-3.2422e-01,  2.9251e-01,  1.5375e-01, -1.9422e-01],
         [ 9.6939e-01, -3.3980e-01, -1.2576e+00, -6.2521e-01],
         [-6.9372e-01,  1.9335e-01, -2.5134e+00,  1.8304e+00],
         [-3.5410e-01, -1.4088e-01, -2.5305e+00,  1.5955e+00],
         [ 1.9689e-01, -1.2124e-01, -9.6755e-01,  1.1496e-01],
         [-6.8577e-01, -2.8413e-01, -1.9262e+00,  7.1555e-01],
         [ 2.0053e-01, -3.7886e-03, -1.7611e-01,  4.8296e-01],
         [-8.4529e-01, -1.1117e-01, -1.0714e+00, -1.5287e-01],
         [-4.4772e-01,  2.4715e-01, -2.2657e+00,  1.6941e+00],
         [-3.0061e-01,  1.1140e-01, -2.0372e+00,  1.6801e+00],
         [-2.5659e-01,  5.6129e-02, -4.3077e-01,  4.6425e-01],
         [ 9.4385e-02,  2.7631e-01, -2.0406e+00,  4.2574e-01],
         [-3.0156e-01,  7.3094e-02,  2.8781e-01,  6.7375e-02],
         [ 4.2218e-01,  2.5941e-01, -1.5357e+00, -3.3971e-01],
         [-8.0283e-01,  5.0353e-01, -2.3372e+00,  1.5699e+00],
         [-1.7841e-01,  3.7864e-01, -2.3060e+00,  1.5484e+00],
         [-3.5848e-01,  2.2515e-01, -6.6242e-01,  5.9577e-02],
         [-6.8490e-01,  6.9226e-01, -2.3330e+00,  4.1911e-01],
         [-3.4355e-01,  3.3130e-01,  1.9954e-01,  4.3922e-01],
         [-5.5040e-01,  5.7681e-01, -1.6279e+00, -6.5369e-01],
         [-1.6818e-01,  5.3752e-02, -2.0196e+00,  1.4595e+00],
         [-1.9179e-01, -1.8255e-01, -2.1045e+00,  1.5379e+00],
         [ 4.0713e-01,  2.3265e-01, -3.3883e-01, -4.9573e-02],
         [-5.5041e-01, -2.6735e-02, -1.8863e+00, -3.1905e-02],
         [-1.3793e-02, -2.9970e-01,  1.3174e-02, -2.0398e-01],
         [-4.9430e-01,  2.0533e-01, -1.1305e+00, -7.5478e-01],
         [-4.1798e-01,  9.1296e-03, -2.1464e+00,  1.0617e+00],
         [-7.5122e-01, -2.3643e-01, -1.7715e+00,  9.3500e-01],
         [-2.6502e-01,  2.6588e-01, -4.3051e-01,  2.7673e-02],
         [ 3.6856e-01, -3.1754e-03, -1.7542e+00, -1.4085e-01],
         [-8.7941e-01,  1.0817e-02, -7.6850e-02, -8.9514e-01],
         [ 4.1421e-01,  3.0674e-01, -1.0360e+00, -8.6638e-01],
         [-1.1381e+00,  1.5573e-01, -2.0086e+00,  1.2599e+00],
         [-1.1514e+00,  1.1102e-01, -1.5881e+00,  1.0957e+00],
         [ 3.9636e-01, -1.8213e-01, -4.4666e-01,  2.1882e-01],
         [-9.0064e-01,  3.2486e-01, -1.4383e+00, -4.4264e-01],
         [-8.8893e-01, -1.7190e-01, -3.1095e-01, -9.8475e-01],
         [-5.5164e-01,  1.6662e-01, -1.0373e+00, -8.9691e-01],
         [-5.4867e-01,  9.3796e-01, -8.4783e-01,  9.0483e-01],
         [-4.7133e-01, -8.0668e-02, -8.9154e-01,  5.9670e-01],
         [ 4.0307e-02,  6.8107e-01, -3.2350e-01, -5.5471e-01],
         [-6.0400e-01,  4.8431e-01, -1.9822e+00, -1.2437e-01],
         [-1.0884e-01, -5.6676e-01,  7.4451e-02, -1.4512e-02],
         [-1.1944e+00,  5.2005e-01, -1.6814e+00, -4.8174e-01],
         [-3.4519e-01, -4.4999e-01, -1.5827e+00,  1.1204e+00],
         [-1.1877e-02, -4.3611e-01, -1.8993e+00,  8.5108e-01],
         [-6.4378e-01,  7.4004e-01, -6.9136e-01, -1.4522e-01],
         [-2.1943e-01, -8.8805e-02, -1.6821e+00,  3.5945e-01],
         [-8.9601e-02,  3.4028e-01,  1.5210e-01,  3.5553e-01],
         [-3.6333e-01, -4.8471e-01, -1.2788e+00, -6.9182e-01],
         [ 5.3137e-02, -6.5170e-01, -2.6189e+00,  1.4328e+00],
         [ 2.1989e-01, -5.4045e-01, -2.4466e+00,  1.4055e+00],
         [-3.4368e-01,  5.2542e-01, -7.3494e-01,  2.6719e-01],
         [ 5.5626e-01, -5.1101e-01, -2.5725e+00,  3.7161e-01],
         [-2.8037e-01,  2.2095e-01,  3.7485e-01,  1.1708e-01],
         [ 4.9744e-01, -6.4201e-01, -1.8154e+00, -5.9332e-01],
         [-2.0979e-01, -9.0288e-01, -2.5926e+00,  1.4266e+00],
         [ 2.2584e-01, -6.2600e-01, -2.4755e+00,  1.2480e+00],
         [-4.5631e-01,  4.7742e-01, -7.6511e-01,  2.0329e-01],
         [ 8.4932e-03, -7.7732e-01, -2.4144e+00,  1.7273e-01],
         [-2.0632e-01,  2.4573e-01,  4.6991e-01,  1.1568e-01],
         [-1.1058e-01, -7.9915e-01, -1.6147e+00, -8.2237e-01],
         [-1.4364e-01, -1.1200e+00, -2.4261e+00,  1.3001e+00],
         [ 3.1228e-01, -7.4027e-01, -2.3704e+00,  1.1876e+00],
         [-3.8693e-01,  4.4939e-01, -7.6991e-01,  1.4491e-01],
         [-6.4625e-02, -9.1593e-01, -2.1783e+00, -3.6509e-02],
         [-1.8262e-01,  1.6856e-01,  3.2234e-01,  1.0056e-01],
         [-6.7298e-02, -1.0768e+00, -1.4535e+00, -8.2418e-01],
         [ 3.2341e-03, -1.2644e+00, -2.3049e+00,  1.1992e+00],
         [ 3.2646e-01, -8.9448e-01, -2.4168e+00,  1.1281e+00],
         [-3.6561e-01,  6.1885e-01, -6.3268e-01,  2.5360e-01],
         [ 3.9982e-01, -1.0837e+00, -1.8609e+00, -1.0179e-01],
         [-3.5145e-01,  2.2639e-01,  3.3944e-01,  1.2125e-01],
         [ 3.4174e-01, -1.3369e+00, -1.2044e+00, -1.0555e+00],
         [-4.0868e-02, -1.3136e+00, -2.2223e+00,  1.1851e+00],
         [ 2.9884e-01, -1.0343e+00, -2.4173e+00,  1.1910e+00],
         [-3.1535e-01,  5.0441e-01, -6.2391e-01,  4.9011e-01],
         [ 3.8853e-01, -1.1727e+00, -1.7296e+00, -1.2066e-01],
         [-3.7107e-01,  1.9789e-01,  3.7610e-02, -1.2293e-01],
         [ 2.2684e-01, -1.4258e+00, -9.8918e-01, -1.0848e+00],
         [ 3.3977e-01, -9.4884e-01, -2.4977e+00,  1.3846e+00],
         [ 3.4296e-01, -1.0711e+00, -2.3202e+00,  1.4474e+00],
         [-3.0645e-01,  2.9515e-01, -7.2059e-01,  7.0883e-01],
         [ 9.8653e-01, -1.1305e+00, -1.8060e+00,  1.1316e-01],
         [-2.6655e-01,  1.6994e-01, -2.3076e-01, -5.5249e-01],
         [ 1.0313e+00, -1.2740e+00, -1.0085e+00, -9.7526e-01],
         [ 1.5557e-01, -8.2141e-01, -2.3068e+00,  1.5902e+00],
         [ 1.0448e-01, -1.1659e+00, -2.6316e+00,  1.2044e+00],
         [-4.5084e-01,  2.8715e-01, -7.9632e-01,  7.3917e-01],
         [ 8.8301e-01, -1.1387e+00, -2.1071e+00,  3.5812e-01],
         [-2.0130e-01,  3.5009e-01,  6.4167e-02, -1.5348e-01],
         [ 7.5891e-01, -1.0853e+00, -1.1614e+00, -9.2712e-01],
         [-3.9246e-01, -6.1293e-01, -2.5017e+00,  1.6183e+00],
         [-1.7050e-01, -8.1591e-01, -2.5216e+00,  1.4025e+00],
         [-1.3079e-01, -1.2025e-01, -9.4791e-01,  5.4801e-01],
         [-4.8257e-01, -1.1833e+00, -1.9637e+00,  2.6719e-01],
         [ 5.1104e-02,  5.9217e-02, -2.5127e-01,  5.0994e-02],
         [-5.0417e-01, -8.4372e-01, -9.8010e-01, -4.8839e-01],
         [-1.8328e-01, -6.5535e-01, -2.3471e+00,  1.4996e+00],
         [-1.4628e-01, -6.3727e-01, -2.2836e+00,  1.5078e+00],
         [-3.9711e-01,  1.2407e-02, -6.1616e-01,  6.4187e-01],
         [ 4.2446e-01, -6.9517e-01, -2.1559e+00,  3.3993e-01],
         [-3.9226e-01,  2.7781e-01,  2.1083e-01, -2.1897e-02],
         [ 7.1719e-01, -5.5742e-01, -1.1417e+00, -5.7527e-01],
         [-7.2385e-01, -5.0608e-01, -2.4335e+00,  1.4912e+00],
         [-1.7313e-01, -3.7030e-01, -2.5348e+00,  1.3968e+00],
         [-4.0665e-01,  7.7249e-02, -9.9177e-01,  1.5923e-01],
         [-8.5394e-01, -5.3542e-01, -2.2583e+00,  3.9273e-01],
         [-1.8110e-01,  2.8718e-01,  8.1126e-02,  4.3729e-01],
         [-7.4389e-01, -4.2463e-01, -1.2164e+00, -5.8792e-01],
         [-2.6319e-01, -6.9881e-01, -2.2271e+00,  1.4516e+00],
         [-1.2594e-01, -6.7084e-01, -2.1966e+00,  1.5015e+00],
         [ 3.3111e-01,  1.1487e-01, -5.3562e-01,  5.8121e-02],
         [-6.2438e-01, -9.5662e-01, -1.9361e+00,  9.4089e-03],
         [ 5.1451e-02, -2.7739e-01, -6.7725e-02, -2.8020e-01],
         [-6.1159e-01, -7.3020e-01, -8.5646e-01, -6.2882e-01],
         [-4.1917e-01, -4.8706e-01, -2.1671e+00,  1.0078e+00],
         [-6.4560e-01, -5.7164e-01, -1.9687e+00,  1.0088e+00],
         [-2.6240e-01,  1.7101e-01, -6.1829e-01,  1.1272e-01],
         [ 2.2919e-01, -7.3638e-01, -1.5865e+00, -2.7908e-01],
         [-6.7962e-01, -7.4859e-03, -1.5004e-01, -1.0311e+00],
         [ 4.5784e-01, -4.6856e-01, -7.7964e-01, -9.0247e-01],
         [-1.0221e+00,  2.0392e-02, -2.0611e+00,  1.2036e+00],
         [-1.1270e+00, -3.7350e-02, -1.7628e+00,  9.2435e-01],
         [ 3.4809e-01, -2.5491e-02, -5.7500e-01,  2.8011e-01],
         [-6.8310e-01, -2.1811e-02, -1.4492e+00, -4.4449e-01],
         [-7.8426e-01,  4.3606e-03, -3.9449e-01, -1.0826e+00],
         [-5.5126e-01, -2.0490e-01, -9.7277e-01, -1.0101e+00],
         [-6.1151e-01,  7.7018e-01, -8.4979e-01,  8.8930e-01],
         [-5.5152e-01, -1.7109e-01, -1.0245e+00,  4.5958e-01],
         [ 2.4492e-01,  4.4108e-01, -3.7241e-01, -4.8468e-01],
         [-8.8118e-01,  2.1708e-01, -1.9741e+00, -2.1487e-01],
         [ 3.0559e-02, -4.4635e-01,  4.9218e-02, -6.2122e-02],
         [-1.3385e+00,  2.9211e-01, -1.6235e+00, -5.4492e-01],
         [-3.1792e-01, -7.6659e-01, -1.4988e+00,  1.1171e+00],
         [-1.4048e-02, -5.9767e-01, -1.9549e+00,  8.4217e-01],
         [-6.7390e-01,  8.0148e-01, -5.5339e-01, -3.8940e-02],
         [-2.7536e-01, -3.3846e-01, -1.6942e+00,  3.4114e-01],
         [-1.5945e-02,  3.0759e-01,  2.0440e-02,  3.8795e-01],
         [-4.4882e-01, -6.9058e-01, -1.1096e+00, -7.1956e-01],
         [ 8.6434e-02, -1.0136e+00, -2.4885e+00,  1.3688e+00],
         [ 3.1855e-01, -7.5705e-01, -2.5678e+00,  1.3598e+00],
         [-2.6158e-01,  5.6763e-01, -7.4032e-01,  2.1796e-01],
         [ 4.6416e-01, -8.3058e-01, -2.3225e+00,  2.6551e-01],
         [-1.8865e-01,  1.1744e-01,  4.2989e-01,  1.0074e-01],
         [ 2.8673e-01, -1.0492e+00, -1.5268e+00, -6.0179e-01],
         [-2.1767e-01, -1.2786e+00, -2.4702e+00,  1.3035e+00],
         [ 3.1005e-01, -8.8213e-01, -2.5577e+00,  1.2325e+00],
         [-3.8045e-01,  6.1399e-01, -7.1629e-01,  2.5837e-01],
         [ 8.4901e-02, -9.4607e-01, -2.1082e+00,  7.4314e-02],
         [-2.0247e-01,  2.3310e-01,  3.9820e-01,  2.0380e-01],
         [ 4.7478e-02, -1.2429e+00, -1.2844e+00, -7.0602e-01],
         [-1.2063e-01, -1.4490e+00, -2.2424e+00,  1.2382e+00],
         [ 4.0625e-01, -9.4100e-01, -2.5130e+00,  1.1443e+00],
         [-3.1408e-01,  6.0380e-01, -7.3202e-01,  2.0802e-01],
         [ 2.9324e-02, -1.1244e+00, -1.9189e+00, -1.8484e-01],
         [-1.6942e-01,  1.6800e-01,  2.4965e-01,  5.8096e-02],
         [-1.1706e-01, -1.4829e+00, -1.1479e+00, -9.0859e-01],
         [-1.9842e-02, -1.5705e+00, -2.2270e+00,  1.0813e+00],
         [ 3.6141e-01, -1.0982e+00, -2.5340e+00,  1.1173e+00],
         [-3.4436e-01,  6.5679e-01, -5.1927e-01,  3.7922e-01],
         [ 3.9835e-01, -1.3213e+00, -1.6865e+00, -2.2581e-01],
         [-3.1478e-01,  1.7038e-01,  2.8483e-01,  1.4376e-01],
         [ 3.2498e-01, -1.6211e+00, -9.5705e-01, -1.0243e+00],
         [-1.1319e-01, -1.6538e+00, -2.2035e+00,  1.1600e+00],
         [ 4.0650e-01, -1.2190e+00, -2.4325e+00,  1.0982e+00],
         [-4.6478e-01,  5.9437e-01, -6.0637e-01,  5.5386e-01],
         [ 2.2024e-01, -1.5513e+00, -1.4987e+00, -2.7610e-01],
         [-1.8994e-01,  2.4495e-01,  1.2072e-01, -7.0691e-03],
         [ 1.1090e-01, -1.7663e+00, -8.1622e-01, -1.1321e+00],
         [ 5.9167e-02, -1.4838e+00, -2.3415e+00,  1.1873e+00],
         [ 3.7612e-01, -1.4177e+00, -2.4109e+00,  1.3729e+00],
         [-5.6074e-01,  4.7803e-01, -7.1299e-01,  6.9561e-01],
         [ 7.2357e-01, -1.7645e+00, -1.4759e+00, -9.6383e-02],
         [-1.9039e-01,  1.6808e-01, -7.6670e-02, -3.1502e-01],
         [ 7.9516e-01, -1.6679e+00, -9.1940e-01, -1.0769e+00],
         [ 1.1324e-01, -1.3940e+00, -2.3891e+00,  1.3021e+00],
         [ 1.8298e-01, -1.6142e+00, -2.7433e+00,  1.1299e+00],
         [-6.4748e-01,  5.1509e-01, -8.2236e-01,  7.7112e-01],
         [ 7.4516e-01, -1.8073e+00, -1.7540e+00,  2.5175e-01],
         [-2.3660e-01,  4.3054e-01, -1.0611e-03, -9.5293e-02],
         [ 5.7103e-01, -1.7015e+00, -1.0981e+00, -9.3685e-01],
         [-9.1248e-02, -1.3569e+00, -2.4362e+00,  1.4111e+00],
         [ 1.1797e-01, -1.3078e+00, -2.5373e+00,  1.3843e+00],
         [-2.7272e-01,  5.8049e-02, -9.3968e-01,  6.8503e-01],
         [-1.8905e-01, -1.7902e+00, -1.6632e+00,  1.6250e-01],
         [ 7.0653e-02,  1.6418e-01, -1.8109e-01, -2.0910e-01],
         [-1.5084e-01, -1.4659e+00, -8.9413e-01, -6.8889e-01],
         [ 2.7284e-02, -1.2343e+00, -2.3758e+00,  1.3834e+00],
         [-2.3944e-02, -1.1642e+00, -2.5350e+00,  1.4312e+00],
         [-4.5949e-01,  2.3789e-01, -8.2890e-01,  8.0190e-01],
         [ 6.9402e-01, -1.5217e+00, -1.8077e+00,  3.8242e-01],
         [-3.2156e-01,  3.0698e-01,  2.0568e-01, -3.2125e-02],
         [ 8.1270e-01, -1.2878e+00, -9.1988e-01, -6.6545e-01],
         [-5.5769e-01, -1.1831e+00, -2.4131e+00,  1.3401e+00],
         [-6.4570e-02, -9.2219e-01, -2.7667e+00,  1.2775e+00],
         [-3.5222e-01,  1.5412e-01, -1.0539e+00,  3.7563e-01],
         [-8.4050e-01, -1.3069e+00, -1.8482e+00,  2.4826e-01],
         [-1.5767e-02,  4.4117e-01,  6.3817e-02,  4.0284e-01],
         [-8.0547e-01, -1.2648e+00, -1.0141e+00, -6.4849e-01],
         [-1.5412e-01, -1.2431e+00, -2.3028e+00,  1.2960e+00],
         [ 5.2727e-02, -1.0550e+00, -2.4153e+00,  1.3428e+00],
         [ 3.3040e-01,  1.7858e-01, -5.7123e-01,  2.4253e-01],
         [-4.2562e-01, -1.4261e+00, -1.7053e+00, -1.6021e-01],
         [ 1.1017e-01, -1.0229e-01, -1.6897e-02, -2.0833e-01],
         [-4.1119e-01, -1.3150e+00, -7.5166e-01, -7.2151e-01],
         [-2.8048e-01, -1.0503e+00, -2.0617e+00,  8.0695e-01],
         [-5.7492e-01, -1.0485e+00, -2.0017e+00,  8.9718e-01],
         [-3.3124e-01,  2.4556e-01, -7.3903e-01,  3.5828e-01],
         [ 1.8267e-01, -1.3505e+00, -1.3461e+00, -7.3296e-01],
         [-5.8171e-01,  2.0868e-01, -2.5717e-01, -9.5491e-01],
         [ 4.6293e-01, -1.0079e+00, -7.9114e-01, -1.1191e+00],
         [-8.9909e-01, -2.3566e-01, -2.1468e+00,  1.0589e+00],
         [-1.0697e+00, -2.7805e-01, -1.8439e+00,  6.1163e-01],
         [ 3.0136e-01, -5.2073e-02, -8.1820e-01,  3.4768e-01],
         [-6.5029e-01, -5.6401e-01, -1.4999e+00, -5.9897e-01],
         [-6.2268e-01,  2.2609e-01, -6.2675e-01, -1.0580e+00],
         [-6.7773e-01, -7.3590e-01, -9.2131e-01, -1.1865e+00],
         [-3.4547e-01,  5.3361e-01, -8.5790e-01,  7.5077e-01],
         [-5.4185e-01, -4.1857e-01, -1.0479e+00,  1.4763e-01],
         [ 2.4566e-01,  2.7940e-01, -4.0885e-01, -2.0522e-01],
         [-7.3501e-01, -1.3680e-01, -1.7882e+00, -4.2244e-01],
         [ 1.7554e-01, -2.2969e-01,  2.8534e-02, -5.1488e-02],
         [-1.0624e+00, -7.4214e-02, -1.5766e+00, -7.2199e-01],
         [-1.7562e-01, -1.0638e+00, -1.3423e+00,  9.4521e-01],
         [-9.2726e-03, -7.9165e-01, -1.6902e+00,  5.8596e-01],
         [-6.2291e-01,  7.2579e-01, -5.5391e-01,  2.2231e-02],
         [-3.3261e-01, -7.0287e-01, -1.4165e+00,  7.1046e-02],
         [ 2.0544e-02,  2.1230e-01, -1.4013e-01,  4.2762e-01],
         [-5.9998e-01, -1.0564e+00, -7.4273e-01, -9.4248e-01],
         [ 1.0760e-01, -1.5220e+00, -2.2803e+00,  1.1559e+00],
         [ 2.9576e-01, -9.8838e-01, -2.2111e+00,  1.0064e+00],
         [-3.7597e-01,  5.5213e-01, -6.9959e-01,  4.5791e-01],
         [ 3.2603e-01, -1.4134e+00, -1.8187e+00, -1.9156e-01],
         [-2.1184e-01,  9.4334e-02,  1.6819e-01,  5.0137e-02],
         [ 1.2531e-01, -1.5811e+00, -9.5625e-01, -1.0921e+00],
         [-1.6078e-01, -1.7682e+00, -2.2172e+00,  1.0013e+00],
         [ 2.5612e-01, -1.0517e+00, -2.2798e+00,  8.1917e-01],
         [-4.9477e-01,  5.0074e-01, -6.1383e-01,  5.2397e-01],
         [-4.2672e-02, -1.5153e+00, -1.6239e+00, -4.0484e-01],
         [-2.2898e-01,  2.3783e-01,  1.1942e-01,  9.6875e-02],
         [-9.2780e-03, -1.7623e+00, -6.0217e-01, -1.2277e+00],
         [-1.1167e-01, -1.8238e+00, -2.0589e+00,  1.0478e+00],
         [ 3.0164e-01, -1.0733e+00, -2.2017e+00,  8.3043e-01],
         [-4.8021e-01,  5.2336e-01, -5.9006e-01,  4.7435e-01],
         [-9.4888e-02, -1.5630e+00, -1.3912e+00, -5.0660e-01],
         [-2.1284e-01,  1.5947e-01,  7.6058e-02, -2.5873e-02],
         [-1.0533e-01, -1.8574e+00, -4.8155e-01, -1.3265e+00],
         [-1.3664e-01, -1.9008e+00, -2.0250e+00,  8.9781e-01],
         [ 2.5020e-01, -1.1708e+00, -2.2300e+00,  8.3500e-01],
         [-5.0597e-01,  5.2671e-01, -4.6060e-01,  5.9720e-01],
         [ 7.5720e-02, -1.6313e+00, -1.2414e+00, -4.7582e-01],
         [-3.3033e-01,  1.6900e-01,  1.2579e-01,  4.6155e-02],
         [ 1.5936e-01, -1.9615e+00, -3.1159e-01, -1.3414e+00],
         [-9.2123e-02, -2.0209e+00, -2.0327e+00,  9.2168e-01],
         [ 3.0316e-01, -1.3309e+00, -2.2474e+00,  7.7115e-01],
         [-5.9521e-01,  5.7519e-01, -5.7155e-01,  6.2937e-01],
         [ 8.0190e-02, -1.7629e+00, -1.1464e+00, -4.9070e-01],
         [-3.2455e-01,  1.9767e-01,  1.0545e-01, -1.7808e-02],
         [ 2.1340e-02, -2.0644e+00, -2.9551e-01, -1.4328e+00],
         [ 1.6214e-02, -2.1067e+00, -2.1741e+00,  8.8560e-01],
         [ 3.6466e-01, -1.5479e+00, -2.2175e+00,  9.6326e-01],
         [-6.1164e-01,  5.9207e-01, -6.7481e-01,  6.4906e-01],
         [ 3.4349e-01, -2.0284e+00, -1.1757e+00, -4.3210e-01],
         [-3.0564e-01,  1.4322e-01,  4.0189e-02, -1.7224e-01],
         [ 2.9660e-01, -2.1010e+00, -3.6956e-01, -1.3841e+00],
         [-4.1736e-02, -2.1589e+00, -2.3344e+00,  9.8218e-01],
         [ 2.7103e-01, -1.7134e+00, -2.4347e+00,  9.2247e-01],
         [-7.2603e-01,  5.9816e-01, -8.1844e-01,  6.6803e-01],
         [ 5.4119e-01, -2.3050e+00, -1.4301e+00, -1.3793e-01],
         [-2.5718e-01,  3.2438e-01,  4.1309e-02, -1.1283e-01],
         [ 3.9589e-01, -2.2623e+00, -4.8369e-01, -1.3722e+00],
         [-1.2285e-01, -1.9749e+00, -2.3653e+00,  1.0925e+00],
         [ 1.7741e-01, -1.7068e+00, -2.2623e+00,  1.0570e+00],
         [-6.0378e-01,  3.5993e-01, -8.7076e-01,  7.4625e-01],
         [ 2.9748e-02, -2.4767e+00, -1.2672e+00, -1.5262e-01],
         [ 5.7838e-02,  1.8376e-01, -1.6607e-01, -3.8582e-01],
         [ 2.9680e-03, -2.1999e+00, -5.0508e-01, -1.1876e+00],
         [-6.2593e-03, -1.8566e+00, -2.4923e+00,  1.0958e+00],
         [ 1.4801e-01, -1.5878e+00, -2.3372e+00,  1.0098e+00],
         [-6.2096e-01,  3.2495e-01, -9.1494e-01,  8.2009e-01],
         [ 5.0159e-01, -2.3170e+00, -1.4974e+00,  5.0241e-02],
         [-1.4973e-01,  4.0917e-01,  1.1785e-02, -1.3559e-01],
         [ 6.2255e-01, -2.1433e+00, -4.5528e-01, -1.1146e+00],
         [-4.1165e-01, -1.8209e+00, -2.4414e+00,  1.2081e+00],
         [ 1.9885e-02, -1.3046e+00, -2.5289e+00,  7.9926e-01],
         [-5.6048e-01,  2.4016e-01, -9.4927e-01,  6.0034e-01],
         [-6.6191e-01, -2.1065e+00, -1.4798e+00, -1.1949e-01],
         [ 5.0345e-02,  4.0994e-01,  8.3110e-02,  1.3755e-01],
         [-6.0953e-01, -1.9759e+00, -5.4661e-01, -1.2300e+00],
         [-1.7171e-01, -1.6918e+00, -2.1329e+00,  1.0648e+00],
         [ 5.9091e-02, -1.2725e+00, -2.2437e+00,  1.0624e+00],
         [-1.0152e-01,  2.4579e-01, -4.6555e-01,  5.4998e-01],
         [-3.3955e-01, -1.8740e+00, -1.2665e+00, -4.8137e-01],
         [ 8.8677e-02, -2.9348e-02, -3.1898e-02, -3.2508e-01],
         [-1.6476e-01, -1.8494e+00, -3.7030e-01, -1.1282e+00],
         [-2.9689e-01, -1.4700e+00, -2.0513e+00,  6.7268e-01],
         [-2.6528e-01, -1.0875e+00, -2.0261e+00,  5.5279e-01],
         [-4.7389e-01,  3.5416e-01, -7.9890e-01,  3.9621e-01],
         [ 1.1181e-01, -1.5937e+00, -1.0310e+00, -1.0320e+00],
         [-5.5057e-01,  2.2900e-01, -1.4207e-01, -5.8050e-01],
         [ 3.6357e-01, -1.4272e+00, -6.0980e-01, -1.3183e+00],
         [-8.1214e-01, -6.2652e-01, -2.1957e+00,  9.8832e-01],
         [-9.0580e-01, -4.4883e-01, -1.7129e+00,  4.4969e-01],
         [ 1.1621e-01,  9.8959e-02, -8.4429e-01,  4.5604e-01],
         [-4.7886e-01, -9.5519e-01, -1.2479e+00, -9.8465e-01],
         [-7.1381e-01,  1.1577e-01, -5.2167e-01, -9.3842e-01],
         [-7.3075e-01, -1.0222e+00, -8.0623e-01, -1.3931e+00],
         [-1.3158e-01,  3.7297e-01, -1.0191e+00,  4.4842e-01],
         [-3.5816e-01, -6.0712e-01, -8.7939e-01, -7.2990e-02],
         [ 1.0789e-01,  4.9334e-01, -4.5180e-01, -3.1279e-02],
         [-3.9164e-01, -1.8876e-01, -1.4684e+00, -6.8148e-01],
         [ 1.1693e-01, -2.6275e-02, -1.3147e-01,  2.8192e-02],
         [-5.5064e-01, -3.2857e-01, -1.4291e+00, -8.2279e-01],
         [-3.8527e-02, -1.4981e+00, -1.2934e+00,  7.8795e-01],
         [ 3.2415e-02, -1.3020e+00, -1.7786e+00,  4.2936e-01],
         [-4.5704e-01,  1.0079e+00, -2.9721e-01,  1.3085e-01],
         [-3.8289e-01, -1.0426e+00, -1.2877e+00, -1.1668e-01],
         [ 1.1449e-01,  1.9698e-01, -2.3834e-01,  3.4934e-01],
         [-7.3813e-01, -1.5122e+00, -4.8373e-01, -1.1223e+00],
         [ 2.0991e-01, -2.0726e+00, -2.3344e+00,  1.0298e+00],
         [ 2.3038e-01, -1.4929e+00, -2.3828e+00,  8.2155e-01],
         [-1.9603e-01,  5.6101e-01, -4.1782e-01,  5.8546e-01],
         [ 2.2120e-01, -1.8305e+00, -1.5964e+00, -4.4206e-01],
         [-3.2190e-01,  1.2235e-01,  1.4470e-01, -7.1082e-02],
         [ 2.3668e-01, -2.0155e+00, -4.6082e-01, -1.2949e+00],
         [-1.7018e-02, -2.2671e+00, -2.0255e+00,  9.5321e-01],
         [ 2.7086e-01, -1.4538e+00, -2.2104e+00,  7.3813e-01],
         [-3.1682e-01,  4.6728e-01, -4.2065e-01,  5.5516e-01],
         [-1.9947e-01, -1.7807e+00, -1.1522e+00, -6.1288e-01],
         [-3.6790e-01,  2.6295e-01,  3.8131e-02, -4.0758e-02],
         [ 8.2881e-02, -2.0458e+00, -8.1459e-02, -1.4421e+00],
         [ 5.5029e-02, -2.2657e+00, -1.9181e+00,  8.1075e-01],
         [ 2.5243e-01, -1.4917e+00, -2.1463e+00,  7.1012e-01],
         [-2.8832e-01,  4.8643e-01, -4.0793e-01,  4.7236e-01],
         [-1.4346e-01, -1.8309e+00, -9.5672e-01, -6.7220e-01],
         [-3.8424e-01,  1.8049e-01, -3.0749e-02, -3.2410e-02],
         [ 2.1869e-02, -2.0973e+00, -3.2458e-02, -1.5251e+00],
         [ 5.6658e-02, -2.2679e+00, -1.8565e+00,  7.4282e-01],
         [ 1.9872e-01, -1.5206e+00, -2.1108e+00,  7.4559e-01],
         [-2.7155e-01,  4.6216e-01, -2.8099e-01,  5.6410e-01],
         [-7.6104e-02, -1.8072e+00, -8.5161e-01, -6.5333e-01],
         [-3.9208e-01,  1.9813e-01, -2.7740e-02, -2.6295e-02],
         [ 1.6010e-01, -2.1055e+00,  1.0939e-01, -1.5935e+00],
         [ 1.9990e-03, -2.3105e+00, -1.8838e+00,  7.9990e-01],
         [ 2.1426e-01, -1.5822e+00, -2.1601e+00,  7.3291e-01],
         [-3.8829e-01,  5.6689e-01, -3.3189e-01,  6.2275e-01],
         [-8.6101e-02, -1.9145e+00, -8.0786e-01, -6.0181e-01],
         [-3.5678e-01,  2.1867e-01,  4.7289e-03, -3.8647e-02],
         [ 1.0210e-01, -2.1941e+00,  1.4801e-01, -1.6048e+00],
         [-2.0012e-02, -2.3808e+00, -1.9801e+00,  8.6071e-01],
         [ 2.6147e-01, -1.6914e+00, -2.2318e+00,  7.9818e-01],
         [-4.0648e-01,  6.5738e-01, -4.0390e-01,  5.6921e-01],
         [-1.7724e-02, -2.1178e+00, -8.7807e-01, -4.6746e-01],
         [-2.8789e-01,  1.8366e-01,  3.1835e-02, -1.1134e-01],
         [ 1.1730e-01, -2.2584e+00,  9.8288e-02, -1.5003e+00],
         [-3.5650e-02, -2.4137e+00, -2.1485e+00,  8.9901e-01],
         [ 2.2487e-01, -1.7382e+00, -2.3302e+00,  7.7163e-01],
         [-4.6892e-01,  7.0252e-01, -5.0241e-01,  5.5902e-01],
         [ 1.2652e-01, -2.2081e+00, -1.0410e+00, -2.8993e-01],
         [-2.8466e-01,  2.0220e-01,  6.7889e-02,  1.3851e-03],
         [ 3.2225e-01, -2.3795e+00, -1.9609e-02, -1.3591e+00],
         [-3.2936e-02, -2.2564e+00, -2.1379e+00,  1.0262e+00],
         [ 2.7155e-01, -1.7176e+00, -2.1565e+00,  9.4091e-01],
         [-4.7080e-01,  6.1044e-01, -5.6499e-01,  5.0179e-01],
         [-5.6782e-02, -2.2728e+00, -9.6029e-01, -2.8682e-01],
         [-1.0820e-01,  9.6132e-02, -1.6326e-02, -2.1094e-01],
         [ 1.4621e-01, -2.2829e+00, -6.7810e-02, -1.2315e+00],
         [-3.3563e-02, -2.1568e+00, -2.1640e+00,  9.0860e-01],
         [ 2.1319e-01, -1.7474e+00, -2.2842e+00,  9.4420e-01],
         [-4.9999e-01,  5.4519e-01, -5.9027e-01,  5.4807e-01],
         [ 2.3876e-01, -2.2815e+00, -1.0547e+00, -1.2673e-01],
         [-1.5276e-01,  1.9193e-01,  7.2579e-02, -4.9644e-02],
         [ 5.4780e-01, -2.2348e+00, -9.9480e-02, -1.1600e+00],
         [-2.6501e-01, -2.2385e+00, -2.2083e+00,  9.4251e-01],
         [ 9.4052e-02, -1.7296e+00, -2.4107e+00,  6.9696e-01],
         [-4.5355e-01,  5.0446e-01, -6.0600e-01,  6.1141e-01],
         [-4.7034e-01, -2.1936e+00, -1.0760e+00, -3.1692e-01],
         [-1.8652e-01,  3.9050e-01,  5.1796e-02,  1.1324e-01],
         [-2.5765e-01, -2.3803e+00, -2.0430e-01, -1.3348e+00],
         [ 5.1686e-02, -2.2573e+00, -2.0258e+00,  9.6593e-01],
         [ 3.4260e-02, -1.6715e+00, -2.2068e+00,  9.6625e-01],
         [-1.2624e-01,  3.8660e-01, -3.5101e-01,  5.9050e-01],
         [-1.3920e-01, -1.9980e+00, -1.0697e+00, -5.5500e-01],
         [-1.9371e-01,  6.5481e-02, -1.9219e-01, -3.8584e-01],
         [ 4.5990e-03, -2.1381e+00, -3.5111e-02, -1.4521e+00],
         [-1.9794e-01, -1.9272e+00, -2.0047e+00,  5.3479e-01],
         [-3.0080e-01, -1.2599e+00, -2.2132e+00,  5.8229e-01],
         [-3.5047e-01,  2.2441e-01, -6.6215e-01,  4.3307e-01],
         [-2.0178e-02, -1.7055e+00, -7.7913e-01, -1.0431e+00],
         [-6.5508e-01,  9.4901e-02, -2.1964e-01, -3.8347e-01],
         [ 3.4943e-01, -1.7634e+00, -3.2869e-01, -1.4766e+00],
         [-6.6096e-01, -6.9957e-01, -2.3384e+00,  1.0392e+00],
         [-6.2078e-01, -4.5787e-01, -1.5890e+00,  3.9045e-01],
         [-6.4056e-02,  1.4443e-01, -6.9666e-01,  4.7888e-01],
         [-6.7273e-01, -8.9962e-01, -1.1277e+00, -1.1732e+00],
         [-7.6773e-01,  1.2509e-01, -1.8973e-01, -8.1838e-01],
         [-7.0374e-01, -1.0890e+00, -6.7188e-01, -1.5526e+00],
         [ 9.1321e-02,  1.4255e-01, -1.0813e+00,  4.4147e-01],
         [-1.6689e-01, -5.4134e-01, -1.0037e+00, -7.5913e-02],
         [ 7.2781e-02,  6.3584e-01, -3.6486e-01, -9.3620e-02],
         [-1.5282e-01, -2.3548e-01, -1.1944e+00, -6.9230e-01],
         [ 9.4524e-02, -1.7393e-01,  3.3818e-02,  1.7898e-01],
         [-1.6095e-01, -2.1439e-02, -1.2795e+00, -1.1248e+00],
         [-1.6312e-01, -6.3551e-01, -1.1626e+00,  1.2102e+00],
         [-2.7789e-02, -5.9982e-01, -1.2720e+00,  8.8882e-01],
         [-6.3284e-01,  6.0285e-01, -1.0532e-01, -1.8925e-01],
         [-5.9204e-01, -6.0478e-01, -6.1702e-01, -1.0961e-01],
         [ 4.6353e-02, -2.8239e-01, -2.2478e-01,  4.8417e-01],
         [-7.7725e-01, -9.2202e-01, -2.5927e-01, -6.8010e-01],
         [-1.2282e-01, -9.3041e-01, -1.8361e+00,  1.3040e+00],
         [ 4.0155e-01, -7.4386e-01, -1.7747e+00,  1.4172e+00],
         [-4.4511e-01,  5.5723e-01, -2.5050e-01, -5.7953e-02],
         [ 3.2594e-02, -1.1467e+00, -4.2776e-01, -4.5235e-01],
         [-2.5319e-01, -3.6509e-01,  8.0677e-03,  2.2576e-01],
         [ 1.8145e-02, -1.3529e+00, -2.7533e-01, -9.7541e-01],
         [-2.1483e-01, -9.4614e-01, -1.5528e+00,  1.2953e+00],
         [ 3.3084e-01, -8.1389e-01, -1.8798e+00,  1.0918e+00],
         [-4.2757e-01,  6.7411e-01, -3.2691e-01, -1.0751e-01],
         [-7.8761e-02, -1.2562e+00,  2.2535e-02, -5.6795e-01],
         [-1.0839e-01, -1.6791e-01, -5.7497e-02,  2.7982e-01],
         [-2.1084e-01, -1.4881e+00,  1.7060e-01, -1.3068e+00],
         [-2.6677e-01, -8.7913e-01, -1.4611e+00,  1.2625e+00],
         [ 2.5256e-01, -8.2047e-01, -1.8580e+00,  1.1383e+00],
         [-3.9907e-01,  7.2121e-01, -2.9001e-01, -9.2319e-02],
         [-4.8127e-02, -1.2447e+00,  8.0953e-02, -5.8194e-01],
         [-1.0243e-01, -1.3820e-01, -8.4631e-02,  3.0487e-01],
         [-2.4434e-01, -1.5195e+00,  2.8920e-01, -1.3515e+00],
         [-2.6492e-01, -8.5474e-01, -1.4645e+00,  1.2621e+00],
         [ 2.2750e-01, -8.5814e-01, -1.8888e+00,  1.1420e+00],
         [-3.5727e-01,  7.3326e-01, -2.7539e-01, -6.4158e-02],
         [-6.8524e-03, -1.2335e+00,  1.7183e-01, -6.5869e-01],
         [-1.5443e-01, -1.0432e-01, -1.6425e-01,  3.1959e-01],
         [-2.2889e-01, -1.5388e+00,  3.3696e-01, -1.3838e+00],
         [-3.0488e-01, -9.3373e-01, -1.4652e+00,  1.2620e+00],
         [ 2.4488e-01, -8.8542e-01, -1.9373e+00,  1.1182e+00],
         [-3.1520e-01,  7.3550e-01, -2.6695e-01, -7.5780e-02],
         [-4.1207e-02, -1.2729e+00,  1.7046e-01, -6.6116e-01],
         [-1.2520e-01, -1.2429e-01, -1.8369e-01,  3.2232e-01],
         [-2.7734e-01, -1.5967e+00,  3.3631e-01, -1.3681e+00],
         [-3.5841e-01, -9.8373e-01, -1.4784e+00,  1.2528e+00],
         [ 2.3280e-01, -9.3585e-01, -1.9128e+00,  1.1091e+00],
         [-3.2552e-01,  7.5318e-01, -2.8975e-01, -3.0917e-02],
         [-1.1028e-01, -1.3644e+00,  1.5474e-01, -6.1573e-01],
         [-6.7432e-02, -1.8065e-01, -1.3930e-01,  2.4468e-01],
         [-3.5858e-01, -1.7048e+00,  3.1806e-01, -1.3626e+00],
         [-3.2090e-01, -1.0856e+00, -1.4922e+00,  1.2242e+00],
         [ 1.9842e-01, -1.0011e+00, -1.9082e+00,  1.0646e+00],
         [-3.5953e-01,  7.9952e-01, -3.0997e-01,  6.3657e-02],
         [-1.7615e-02, -1.3870e+00,  6.1858e-02, -4.8208e-01],
         [-9.4733e-02, -2.1428e-01, -1.1222e-01,  2.7354e-01],
         [-2.5667e-01, -1.7543e+00,  2.2167e-01, -1.3228e+00],
         [-2.7151e-01, -1.0497e+00, -1.4433e+00,  1.2233e+00],
         [ 2.0138e-01, -9.9195e-01, -1.7809e+00,  1.1229e+00],
         [-4.0264e-01,  8.0916e-01, -3.4757e-01, -9.7708e-03],
         [-4.9756e-02, -1.3997e+00, -7.0830e-03, -3.9629e-01],
         [ 9.4128e-03, -2.4736e-01, -7.9082e-02,  1.2846e-01],
         [-2.5359e-01, -1.6624e+00,  1.8469e-01, -1.2991e+00],
         [-2.2628e-01, -9.6266e-01, -1.4091e+00,  1.2111e+00],
         [ 1.8185e-01, -9.6814e-01, -1.8487e+00,  1.0677e+00],
         [-4.1259e-01,  7.6521e-01, -3.0358e-01, -2.3885e-02],
         [ 3.0148e-02, -1.3181e+00, -1.0216e-01, -2.5401e-01],
         [ 1.3997e-02, -1.7627e-01,  4.8773e-02,  2.2191e-01],
         [-1.0861e-01, -1.6031e+00,  1.9846e-01, -1.2408e+00],
         [-3.3598e-01, -1.0250e+00, -1.5054e+00,  1.3258e+00],
         [ 2.1288e-01, -8.8379e-01, -1.9160e+00,  1.0323e+00],
         [-4.6971e-01,  8.5415e-01, -3.4454e-01, -2.0522e-02],
         [-1.4311e-01, -1.3359e+00, -1.0415e-01, -3.1807e-01],
         [-2.1524e-02, -1.3665e-01,  5.5002e-02,  3.3821e-01],
         [-3.4354e-01, -1.6034e+00,  1.0638e-01, -1.2775e+00],
         [-1.8178e-01, -1.0924e+00, -1.4837e+00,  1.3392e+00],
         [ 3.1959e-01, -1.1489e+00, -1.8351e+00,  1.2952e+00],
         [-2.2830e-01,  7.8804e-01, -3.7656e-01,  4.6472e-02],
         [ 1.6053e-02, -1.2839e+00, -1.5115e-02, -6.9178e-01],
         [-1.3356e-01, -2.9158e-01, -1.9090e-01,  3.4698e-02],
         [-1.6956e-01, -1.8092e+00,  1.4433e-01, -1.3073e+00],
         [-1.3257e-01, -8.1909e-01, -1.8850e+00,  8.4293e-01],
         [ 9.4155e-02, -1.0028e+00, -2.0340e+00,  7.1674e-01],
         [-1.0247e-01,  7.9156e-01, -5.5589e-01, -1.8878e-01],
         [-3.5774e-02, -1.1205e+00,  1.5821e-01, -9.8457e-01],
         [-3.7483e-01, -2.4308e-01, -3.1967e-01, -1.5616e-01],
         [-1.2953e-01, -1.4661e+00, -2.6428e-01, -1.3992e+00],
         [-5.4888e-01,  6.4925e-02, -1.8506e+00,  9.0590e-01],
         [-3.9361e-01, -3.6301e-01, -1.3518e+00, -4.2404e-02],
         [-3.0380e-01,  6.4980e-01, -6.8671e-01,  2.9178e-01],
         [-5.6000e-01, -2.3535e-01, -7.8444e-01, -9.7265e-01],
         [-2.9395e-01,  8.1850e-02,  2.5997e-01, -6.2651e-01],
         [-4.0859e-01, -6.6140e-01, -7.5116e-01, -1.7436e+00],
         [ 4.4234e-03,  4.2612e-01, -7.3803e-01,  5.5857e-01],
         [-2.8124e-01, -3.6321e-01, -9.9035e-01, -1.9832e-01],
         [-2.2073e-01,  9.3275e-01, -3.9806e-01, -1.0361e-01],
         [ 2.6253e-02,  2.1991e-02, -8.8345e-01, -5.8653e-01],
         [ 1.2485e-01, -1.6717e-01,  1.3169e-01,  3.5728e-01],
         [-5.0265e-01,  5.1072e-01, -1.0120e+00, -1.4228e+00],
         [ 1.3146e-02, -7.1927e-01, -5.7722e-01,  5.6537e-01],
         [-7.0258e-02, -2.1175e-01, -6.1227e-01,  4.7764e-01],
         [-3.0102e-01,  1.4487e-01, -4.6649e-01,  1.6738e-01],
         [-7.9377e-01, -1.5813e-02, -5.1097e-01,  6.1594e-02],
         [ 2.4169e-02, -1.9308e-01, -2.0403e-01, -7.0497e-02],
         [-5.0027e-01, -2.2545e-01, -9.3942e-02, -6.2255e-01],
         [-1.2312e-01, -4.1719e-01, -1.0046e+00,  1.3148e-01],
         [ 2.4255e-01, -1.8465e-01, -1.0395e+00,  4.1728e-01],
         [-1.9456e-01,  3.3505e-01, -6.0096e-01,  9.3500e-02],
         [-2.1463e-01,  5.0143e-02, -6.4424e-01,  1.6517e-01],
         [-3.1653e-02, -9.4077e-02,  4.1846e-01, -3.6377e-01],
         [ 1.2899e-01, -7.9434e-02, -5.5359e-02, -8.4176e-01],
         [-2.1741e-01, -3.5601e-01, -8.6154e-01,  2.6029e-02],
         [ 2.4907e-01, -1.5829e-01, -9.8615e-01,  2.7905e-01],
         [-2.0599e-01,  3.1584e-01, -5.6819e-01,  1.3544e-01],
         [-2.2564e-01,  2.3077e-01, -4.1782e-01,  7.1210e-02],
         [-6.6120e-02,  2.6393e-01,  2.3950e-01, -2.6141e-01],
         [ 1.4348e-01, -6.8026e-03,  3.1010e-01, -1.0439e+00],
         [-2.1709e-01, -3.7570e-01, -8.3513e-01, -3.0829e-03],
         [ 2.7385e-01, -1.1600e-01, -9.6910e-01,  2.5232e-01],
         [-2.3161e-01,  2.9521e-01, -5.8018e-01,  1.6907e-01],
         [-2.4964e-01,  2.7837e-01, -3.8911e-01,  1.6586e-02],
         [-8.2665e-02,  2.5729e-01,  1.5524e-01, -2.1677e-01],
         [ 8.8930e-02,  2.0186e-02,  3.3846e-01, -1.0936e+00],
         [-2.1645e-01, -3.5835e-01, -8.5526e-01, -1.6986e-02],
         [ 2.9320e-01, -8.7709e-02, -1.0122e+00,  2.4806e-01],
         [-2.0343e-01,  3.0697e-01, -5.9840e-01,  1.8363e-01],
         [-2.2443e-01,  2.7323e-01, -4.0452e-01,  1.6502e-02],
         [-8.4787e-02,  2.7037e-01,  1.8543e-01, -2.7794e-01],
         [ 8.8980e-02,  6.7163e-02,  3.6660e-01, -1.1434e+00],
         [-2.4533e-01, -3.5985e-01, -8.7584e-01, -1.8947e-02],
         [ 2.6258e-01, -9.4131e-02, -1.0733e+00,  2.0856e-01],
         [-1.6506e-01,  2.9924e-01, -6.0376e-01,  1.9029e-01],
         [-2.4099e-01,  2.4939e-01, -4.2281e-01,  3.7755e-02],
         [-7.0484e-02,  3.0578e-01,  2.0897e-01, -2.8901e-01],
         [ 7.4157e-02,  8.4394e-02,  3.5224e-01, -1.1375e+00],
         [-3.1031e-01, -3.8271e-01, -8.4714e-01, -1.6507e-02],
         [ 2.4506e-01, -1.0772e-01, -1.0262e+00,  1.8909e-01],
         [-1.9026e-01,  2.9503e-01, -6.1594e-01,  1.5873e-01],
         [-2.8891e-01,  1.8030e-01, -4.3952e-01,  2.0352e-02],
         [-3.9118e-02,  2.9784e-01,  2.2598e-01, -3.3287e-01],
         [ 5.9312e-02,  9.1451e-02,  3.0168e-01, -1.1182e+00],
         [-3.4170e-01, -3.6622e-01, -8.4661e-01, -6.6839e-03],
         [ 2.5294e-01, -1.1267e-01, -9.9500e-01,  1.8604e-01],
         [-2.3486e-01,  3.1997e-01, -6.4050e-01,  8.6485e-02],
         [-2.5931e-01,  1.2058e-01, -4.2878e-01,  4.9763e-02],
         [ 1.2093e-02,  2.9840e-01,  2.2296e-01, -3.1454e-01],
         [ 1.1365e-01,  8.4120e-02,  2.5833e-01, -1.0604e+00],
         [-3.5057e-01, -3.6062e-01, -7.9645e-01, -4.0929e-03],
         [ 2.7238e-01, -1.2696e-01, -9.0691e-01,  1.9929e-01],
         [-2.6553e-01,  3.1855e-01, -6.2703e-01,  4.1865e-02],
         [-2.0978e-01,  1.0663e-01, -4.1679e-01,  4.4953e-02],
         [ 2.0777e-03,  2.9294e-01,  1.9485e-01, -2.8244e-01],
         [ 1.7217e-01,  7.7146e-02,  2.4442e-01, -1.0195e+00],
         [-3.1819e-01, -3.8182e-01, -7.6828e-01,  9.6288e-03],
         [ 2.0809e-01, -1.8726e-01, -9.0686e-01,  2.1443e-01],
         [-2.7627e-01,  2.8875e-01, -5.7254e-01,  6.2066e-02],
         [-1.9223e-01,  1.2976e-01, -4.1749e-01,  6.3249e-02],
         [-5.6746e-02,  2.6563e-01,  1.3157e-01, -1.6735e-01],
         [ 1.6487e-01,  1.4775e-02,  2.5568e-01, -9.6396e-01],
         [-3.1514e-01, -5.0530e-01, -8.5154e-01,  7.5615e-02],
         [ 1.9080e-01, -1.7805e-01, -9.5348e-01,  2.2453e-01],
         [-3.3322e-01,  3.2522e-01, -5.9696e-01,  1.6695e-01],
         [-3.3189e-01,  1.4795e-01, -4.8080e-01,  4.8170e-02],
         [-9.4170e-02,  2.4337e-01,  8.7171e-02, -1.3537e-01],
         [ 3.3281e-02, -8.4309e-02,  2.1399e-01, -9.5922e-01],
         [-3.5669e-01, -5.5274e-01, -8.5018e-01,  1.9442e-01],
         [ 1.5810e-01, -1.4412e-01, -1.0095e+00,  3.1988e-01],
         [-3.2578e-01,  4.5741e-01, -8.5812e-01,  2.5290e-01],
         [-2.8449e-01, -7.0384e-02, -4.6836e-01,  1.1888e-01],
         [-3.3905e-02,  1.7965e-01,  1.6798e-01, -4.9537e-01],
         [-8.2078e-03, -9.7446e-02,  1.6106e-01, -9.9978e-01],
         [-2.3111e-01,  1.7045e-02, -1.3630e+00, -6.9756e-02],
         [ 3.0074e-02, -3.1922e-01, -1.1186e+00, -2.5757e-01],
         [-3.6141e-01,  7.1560e-01, -8.9787e-01, -7.2104e-02],
         [-2.3525e-01, -1.6871e-02, -5.7263e-01, -1.0139e-01],
         [ 7.5249e-03,  3.0884e-01,  1.2558e-01, -7.5520e-01],
         [ 2.5555e-01,  2.6048e-01, -2.5747e-01, -1.1536e+00],
         [-5.3650e-01,  5.8980e-01, -9.0728e-01, -3.1082e-01],
         [-9.0702e-02, -3.0192e-01, -6.2302e-01, -7.7819e-01],
         [-4.3286e-01,  5.3093e-01, -6.4478e-01, -2.4695e-01],
         [-2.8734e-01,  8.9099e-01, -7.3423e-01, -5.9043e-01],
         [-3.5387e-01,  5.0686e-01,  1.1031e-01, -6.1985e-01],
         [ 1.9701e-01,  5.8422e-01, -5.4299e-01, -1.2717e+00],
         [-3.8431e-02,  6.0836e-01, -7.4129e-01, -1.8774e-01],
         [-6.7375e-02, -1.0387e-01, -5.5163e-01, -3.2574e-01],
         [-4.5226e-02,  6.6058e-01, -2.9702e-01, -4.4849e-01],
         [-1.1930e-02,  6.0453e-01, -7.0263e-01, -3.4031e-01],
         [-1.5584e-01,  2.0207e-01, -2.0966e-01,  3.2669e-01],
         [-3.2009e-01,  8.7281e-01, -1.5127e-01, -8.2499e-01]]],
       device='cuda:0')
