tensor([[[0.1068, 0.0853, 0.6438, 0.6970],
         [0.0804, 0.0797, 0.6852, 0.8227],
         [0.0845, 0.0714, 0.9876, 0.4579],
         [0.0810, 0.0923, 0.4600, 1.0107],
         [0.0360, 0.0684, 0.9827, 0.4249],
         [0.0709, 0.1026, 0.4041, 0.9122],
         [0.2541, 0.0591, 0.5842, 0.7288],
         [0.2323, 0.0929, 0.7239, 0.9208],
         [0.2579, 0.0553, 1.0076, 0.4837],
         [0.2320, 0.0958, 0.4558, 0.9886],
         [0.1663, 0.0727, 0.9747, 0.4288],
         [0.2238, 0.1094, 0.3916, 0.8112],
         [0.3898, 0.0532, 0.5674, 0.7160],
         [0.3629, 0.0814, 0.7379, 0.9486],
         [0.4178, 0.0518, 1.0056, 0.4760],
         [0.3741, 0.0894, 0.4629, 0.9638],
         [0.3280, 0.0626, 0.9707, 0.4232],
         [0.3672, 0.1128, 0.4106, 0.8273],
         [0.5273, 0.0533, 0.5444, 0.7013],
         [0.5154, 0.0831, 0.7357, 0.9641],
         [0.5717, 0.0581, 1.0432, 0.4710],
         [0.5298, 0.0954, 0.4653, 0.9270],
         [0.4841, 0.0636, 0.9443, 0.4139],
         [0.5079, 0.1096, 0.4407, 0.8327],
         [0.6561, 0.0453, 0.5400, 0.7110],
         [0.6740, 0.0825, 0.7165, 0.9624],
         [0.7118, 0.0622, 1.1015, 0.4689],
         [0.6751, 0.1045, 0.4531, 0.9173],
         [0.6586, 0.0689, 0.9506, 0.3960],
         [0.6589, 0.1117, 0.4520, 0.8480],
         [0.8014, 0.0652, 0.5615, 0.7170],
         [0.8258, 0.0503, 0.6916, 0.8395],
         [0.8484, 0.0762, 1.0815, 0.4550],
         [0.8300, 0.0901, 0.4409, 0.9096],
         [0.8219, 0.0745, 0.9240, 0.3995],
         [0.8016, 0.0824, 0.4371, 0.8561],
         [0.9587, 0.0866, 0.5932, 0.6874],
         [1.0183, 0.0454, 0.7224, 0.8337],
         [0.9635, 0.0899, 1.0920, 0.4864],
         [0.9838, 0.0645, 0.4552, 0.9414],
         [0.9660, 0.0838, 0.9892, 0.3914],
         [0.9553, 0.0623, 0.3926, 0.8286],
         [0.0859, 0.2634, 0.6045, 0.7460],
         [0.0493, 0.1968, 0.7090, 0.8206],
         [0.0995, 0.2081, 1.0572, 0.4505],
         [0.0791, 0.2555, 0.4600, 0.9699],
         [0.0700, 0.2196, 1.0492, 0.3964],
         [0.0721, 0.2753, 0.3796, 0.9531],
         [0.2549, 0.2525, 0.5675, 0.7981],
         [0.2176, 0.2139, 0.6814, 0.9153],
         [0.2620, 0.2089, 1.0179, 0.4572],
         [0.2222, 0.2956, 0.4528, 0.9497],
         [0.2126, 0.2341, 1.0183, 0.3895],
         [0.2258, 0.3231, 0.3705, 0.8630],
         [0.3782, 0.2860, 0.5685, 0.7743],
         [0.3525, 0.2291, 0.6599, 0.9369],
         [0.4200, 0.2154, 1.0229, 0.4438],
         [0.3716, 0.3175, 0.4552, 0.9109],
         [0.3548, 0.2300, 1.0194, 0.3784],
         [0.3711, 0.3423, 0.3911, 0.8630],
         [0.5119, 0.2828, 0.5491, 0.7601],
         [0.5065, 0.2409, 0.6421, 0.9542],
         [0.5887, 0.2217, 1.0759, 0.4384],
         [0.5069, 0.3524, 0.4572, 0.8895],
         [0.5120, 0.2195, 1.0219, 0.3655],
         [0.5128, 0.3824, 0.3892, 0.8317],
         [0.6593, 0.2665, 0.5350, 0.7604],
         [0.6541, 0.2488, 0.6133, 0.9193],
         [0.7484, 0.2180, 1.0936, 0.4376],
         [0.6505, 0.3667, 0.4284, 0.8937],
         [0.6517, 0.2217, 1.0196, 0.3633],
         [0.6515, 0.3736, 0.3991, 0.8224],
         [0.7846, 0.2705, 0.5578, 0.7811],
         [0.7958, 0.2246, 0.6157, 0.8274],
         [0.8580, 0.2362, 1.0939, 0.4421],
         [0.8159, 0.3317, 0.4188, 0.8877],
         [0.8202, 0.2252, 0.9663, 0.3967],
         [0.7905, 0.3077, 0.3916, 0.8510],
         [0.9572, 0.2506, 0.6120, 0.6940],
         [0.9780, 0.1859, 0.6874, 0.8211],
         [0.9657, 0.2386, 1.1130, 0.4853],
         [0.9578, 0.2769, 0.4255, 0.9537],
         [0.9605, 0.2244, 1.0137, 0.3939],
         [0.9503, 0.2512, 0.3488, 0.8432],
         [0.0887, 0.4158, 0.5933, 0.7902],
         [0.0539, 0.3729, 0.6796, 0.8621],
         [0.0900, 0.3709, 1.0398, 0.4761],
         [0.0947, 0.4050, 0.4437, 0.9620],
         [0.0680, 0.3763, 1.0742, 0.3891],
         [0.0785, 0.4074, 0.3780, 0.9481],
         [0.2435, 0.3930, 0.5255, 0.8541],
         [0.2363, 0.4014, 0.6032, 0.9419],
         [0.2430, 0.3724, 0.9978, 0.4971],
         [0.2434, 0.4543, 0.4151, 0.9265],
         [0.2241, 0.3905, 1.0136, 0.3940],
         [0.2354, 0.4610, 0.3673, 0.8362],
         [0.3775, 0.4290, 0.5466, 0.8293],
         [0.3639, 0.4125, 0.6146, 0.9121],
         [0.4139, 0.3765, 1.0330, 0.4853],
         [0.3923, 0.4857, 0.4348, 0.8932],
         [0.3741, 0.3883, 1.0133, 0.3866],
         [0.3855, 0.4803, 0.3705, 0.8620],
         [0.5255, 0.4301, 0.5484, 0.8483],
         [0.5155, 0.4148, 0.5868, 0.8834],
         [0.5902, 0.3706, 1.0548, 0.4758],
         [0.5252, 0.5224, 0.4077, 0.8880],
         [0.5247, 0.3923, 1.0434, 0.3871],
         [0.5316, 0.5164, 0.3662, 0.8443],
         [0.6633, 0.4437, 0.5292, 0.7904],
         [0.6555, 0.4270, 0.5708, 0.8908],
         [0.7433, 0.3788, 1.0828, 0.4686],
         [0.6668, 0.5141, 0.3942, 0.8840],
         [0.6568, 0.3851, 1.0422, 0.3803],
         [0.6696, 0.5270, 0.3498, 0.8898],
         [0.8090, 0.4346, 0.5531, 0.8196],
         [0.7726, 0.4204, 0.5812, 0.8303],
         [0.8539, 0.3674, 1.0872, 0.4804],
         [0.8120, 0.4823, 0.3838, 0.9370],
         [0.7910, 0.3796, 1.0161, 0.3914],
         [0.8075, 0.4717, 0.3407, 0.8924],
         [0.9643, 0.4046, 0.6298, 0.7395],
         [0.9406, 0.3627, 0.6347, 0.8143],
         [0.9721, 0.3770, 1.0671, 0.5243],
         [0.9570, 0.4227, 0.4028, 0.9868],
         [0.9588, 0.3741, 1.0713, 0.3870],
         [0.9655, 0.4064, 0.3324, 0.9265],
         [0.0950, 0.5464, 0.5706, 0.7885],
         [0.0728, 0.5072, 0.6575, 0.8298],
         [0.0908, 0.5214, 1.0425, 0.4706],
         [0.0909, 0.5164, 0.4337, 0.9053],
         [0.0824, 0.5261, 1.0520, 0.4075],
         [0.0769, 0.5272, 0.3681, 0.8875],
         [0.2456, 0.5047, 0.4856, 0.8706],
         [0.2372, 0.5146, 0.5662, 0.8860],
         [0.2467, 0.5226, 0.9344, 0.4949],
         [0.2302, 0.5422, 0.3893, 0.8948],
         [0.2338, 0.5436, 0.9774, 0.4284],
         [0.2287, 0.5405, 0.3491, 0.7488],
         [0.3674, 0.5282, 0.5025, 0.8430],
         [0.3636, 0.5248, 0.5525, 0.8876],
         [0.4064, 0.5274, 0.9687, 0.4812],
         [0.3872, 0.5367, 0.3893, 0.8563],
         [0.3791, 0.5523, 0.9965, 0.4511],
         [0.3731, 0.5403, 0.3545, 0.8168],
         [0.5150, 0.5106, 0.4733, 0.8309],
         [0.4873, 0.5239, 0.5202, 0.8447],
         [0.5714, 0.5196, 0.9550, 0.4962],
         [0.5239, 0.5389, 0.3652, 0.8832],
         [0.5299, 0.5508, 1.0067, 0.4463],
         [0.5251, 0.5400, 0.3421, 0.8107],
         [0.6631, 0.5256, 0.4672, 0.7943],
         [0.6518, 0.5180, 0.5126, 0.8637],
         [0.7131, 0.5286, 1.0354, 0.4864],
         [0.6774, 0.5158, 0.3582, 0.8882],
         [0.6463, 0.5328, 1.0456, 0.4244],
         [0.6783, 0.5319, 0.3388, 0.8865],
         [0.8003, 0.5261, 0.5071, 0.8435],
         [0.7750, 0.5377, 0.5704, 0.8438],
         [0.8468, 0.5308, 0.9934, 0.4887],
         [0.8154, 0.5082, 0.3834, 0.9383],
         [0.8107, 0.5200, 0.9652, 0.4182],
         [0.8165, 0.5096, 0.3329, 0.8922],
         [0.9679, 0.5291, 0.6411, 0.7378],
         [0.9428, 0.5179, 0.6425, 0.8402],
         [0.9859, 0.5387, 1.0285, 0.5309],
         [0.9731, 0.5214, 0.4135, 0.9905],
         [0.9519, 0.5206, 1.0753, 0.3965],
         [0.9684, 0.5036, 0.3364, 0.9594],
         [0.0957, 0.6737, 0.5697, 0.8142],
         [0.0730, 0.6520, 0.6530, 0.8250],
         [0.1142, 0.6665, 1.0644, 0.4590],
         [0.0924, 0.6369, 0.4210, 0.8797],
         [0.0801, 0.6770, 1.0253, 0.4262],
         [0.0772, 0.6348, 0.3595, 0.8657],
         [0.2410, 0.6400, 0.4875, 0.8431],
         [0.2089, 0.6437, 0.5538, 0.8642],
         [0.2374, 0.6685, 0.9111, 0.4806],
         [0.2199, 0.5987, 0.3757, 0.8374],
         [0.2305, 0.6863, 0.9091, 0.4698],
         [0.2223, 0.6045, 0.3461, 0.7594],
         [0.3777, 0.6204, 0.4746, 0.8459],
         [0.3414, 0.6432, 0.5281, 0.9126],
         [0.3966, 0.6665, 0.9609, 0.4715],
         [0.3733, 0.5780, 0.3701, 0.8361],
         [0.3337, 0.6837, 0.9301, 0.4530],
         [0.3678, 0.5518, 0.3509, 0.7899],
         [0.5212, 0.6074, 0.4759, 0.8569],
         [0.4775, 0.6240, 0.5024, 0.8592],
         [0.5470, 0.6807, 0.9100, 0.4640],
         [0.5196, 0.5508, 0.3741, 0.8453],
         [0.5005, 0.6715, 0.9440, 0.4458],
         [0.5245, 0.5112, 0.3531, 0.8355],
         [0.6539, 0.6143, 0.4529, 0.8692],
         [0.6374, 0.6096, 0.5167, 0.9287],
         [0.7253, 0.6957, 0.9604, 0.4724],
         [0.6619, 0.5116, 0.3597, 0.8315],
         [0.6134, 0.6656, 1.0276, 0.3992],
         [0.6793, 0.5034, 0.3390, 0.8541],
         [0.7936, 0.6177, 0.4850, 0.9071],
         [0.7924, 0.6336, 0.5459, 0.8844],
         [0.8615, 0.7106, 0.9192, 0.4674],
         [0.8151, 0.5498, 0.3817, 0.8940],
         [0.7866, 0.6446, 0.9682, 0.4072],
         [0.8267, 0.5366, 0.3409, 0.8880],
         [0.9702, 0.6534, 0.6183, 0.7481],
         [0.9565, 0.6694, 0.6285, 0.8502],
         [0.9954, 0.7145, 0.9803, 0.5231],
         [0.9897, 0.6369, 0.4115, 1.0156],
         [0.9383, 0.6535, 1.0368, 0.3848],
         [0.9740, 0.6015, 0.3409, 0.9691],
         [0.0940, 0.8189, 0.5902, 0.7561],
         [0.0631, 0.7920, 0.6634, 0.8071],
         [0.0750, 0.8119, 1.0913, 0.4728],
         [0.0876, 0.7577, 0.4264, 0.8990],
         [0.0815, 0.8330, 1.0020, 0.4289],
         [0.0721, 0.7639, 0.3608, 0.9121],
         [0.2357, 0.7922, 0.5197, 0.8275],
         [0.2035, 0.7659, 0.6575, 0.8038],
         [0.1975, 0.8170, 0.9284, 0.4631],
         [0.2281, 0.7352, 0.4119, 0.8031],
         [0.2077, 0.8356, 0.8861, 0.4267],
         [0.2187, 0.7304, 0.3763, 0.7835],
         [0.3808, 0.7886, 0.5471, 0.7789],
         [0.3495, 0.7535, 0.6594, 0.8714],
         [0.3689, 0.8204, 0.9583, 0.4578],
         [0.3700, 0.6943, 0.4170, 0.8276],
         [0.3418, 0.8197, 0.8905, 0.3913],
         [0.3711, 0.6599, 0.3650, 0.8216],
         [0.5306, 0.7739, 0.5126, 0.8170],
         [0.5219, 0.7423, 0.6163, 0.8574],
         [0.5313, 0.8265, 0.8996, 0.4337],
         [0.5170, 0.6703, 0.4160, 0.8154],
         [0.4522, 0.8197, 0.9200, 0.3687],
         [0.5243, 0.6299, 0.3872, 0.8455],
         [0.6739, 0.7703, 0.4540, 0.8056],
         [0.6906, 0.7328, 0.6245, 0.9119],
         [0.7266, 0.8349, 0.8997, 0.4466],
         [0.6619, 0.6553, 0.4022, 0.8358],
         [0.5715, 0.8018, 0.9847, 0.3355],
         [0.6776, 0.6172, 0.3482, 0.8191],
         [0.8170, 0.7761, 0.4693, 0.8669],
         [0.8256, 0.7581, 0.6042, 0.8547],
         [0.8834, 0.8581, 0.8817, 0.4533],
         [0.8203, 0.6989, 0.3966, 0.8824],
         [0.7163, 0.7878, 0.9815, 0.3567],
         [0.8146, 0.6517, 0.3563, 0.8452],
         [0.9702, 0.8027, 0.6005, 0.7454],
         [0.9738, 0.8083, 0.6533, 0.8432],
         [1.0331, 0.8711, 0.9493, 0.5228],
         [0.9865, 0.7883, 0.4093, 0.9993],
         [0.8897, 0.7966, 1.0069, 0.3644],
         [0.9622, 0.7357, 0.3488, 0.9471],
         [0.0896, 0.9933, 0.6443, 0.7669],
         [0.0743, 0.9490, 0.7744, 0.7889],
         [0.0843, 0.9834, 1.0610, 0.4834],
         [0.0866, 0.9434, 0.4653, 0.9089],
         [0.0857, 0.9836, 1.0169, 0.4023],
         [0.0688, 0.9212, 0.3833, 0.9029],
         [0.2346, 0.9847, 0.6448, 0.8308],
         [0.2348, 0.9418, 0.7636, 0.8299],
         [0.2132, 0.9835, 0.9203, 0.4582],
         [0.2223, 0.9151, 0.4665, 0.8522],
         [0.2224, 0.9879, 0.9320, 0.4068],
         [0.2230, 0.8907, 0.3840, 0.8996],
         [0.3811, 0.9890, 0.6185, 0.8040],
         [0.4174, 0.9435, 0.7523, 0.8383],
         [0.3841, 0.9903, 0.9113, 0.4848],
         [0.3812, 0.8952, 0.4637, 0.8695],
         [0.3547, 0.9881, 0.9692, 0.3848],
         [0.3713, 0.8772, 0.3733, 0.8509],
         [0.5250, 0.9828, 0.5585, 0.7901],
         [0.5851, 0.9479, 0.7485, 0.8503],
         [0.5706, 0.9920, 0.8562, 0.4900],
         [0.5338, 0.8754, 0.4476, 0.8966],
         [0.4683, 0.9834, 1.0229, 0.3555],
         [0.5241, 0.8617, 0.3537, 0.8433],
         [0.6639, 0.9839, 0.5226, 0.7802],
         [0.7440, 0.9412, 0.7154, 0.8842],
         [0.7522, 0.9900, 0.8204, 0.4972],
         [0.6862, 0.8745, 0.4245, 0.8911],
         [0.5955, 0.9850, 1.0527, 0.3367],
         [0.6672, 0.8581, 0.3393, 0.7938],
         [0.7944, 0.9678, 0.5225, 0.7863],
         [0.8762, 0.9663, 0.7267, 0.8696],
         [0.9137, 1.0061, 0.8057, 0.5009],
         [0.8310, 0.9069, 0.4138, 0.9439],
         [0.7205, 0.9715, 1.0157, 0.3645],
         [0.7988, 0.8728, 0.3440, 0.8175],
         [0.9532, 0.9669, 0.5856, 0.7134],
         [1.0035, 0.9897, 0.7306, 0.8348],
         [1.0552, 1.0108, 0.8663, 0.5364],
         [0.9748, 0.9550, 0.4292, 0.9985],
         [0.8703, 0.9665, 0.9813, 0.3818],
         [0.9466, 0.9024, 0.3555, 0.8789]]], device='cuda:0')
