tensor([[[0.7940, 0.2060],
         [0.7839, 0.2161],
         [0.8344, 0.1656],
         [0.8188, 0.1812],
         [0.8906, 0.1094],
         [0.8008, 0.1992],
         [0.8226, 0.1774],
         [0.8498, 0.1502],
         [0.8847, 0.1153],
         [0.8541, 0.1459],
         [0.9247, 0.0753],
         [0.8240, 0.1760],
         [0.8403, 0.1597],
         [0.8251, 0.1749],
         [0.9003, 0.0997],
         [0.8509, 0.1491],
         [0.9136, 0.0864],
         [0.8165, 0.1835],
         [0.8491, 0.1509],
         [0.8430, 0.1570],
         [0.9085, 0.0915],
         [0.8446, 0.1554],
         [0.9111, 0.0889],
         [0.8135, 0.1865],
         [0.8462, 0.1538],
         [0.8348, 0.1652],
         [0.9015, 0.0985],
         [0.8463, 0.1537],
         [0.9047, 0.0953],
         [0.8074, 0.1926],
         [0.8466, 0.1534],
         [0.8301, 0.1699],
         [0.8931, 0.1069],
         [0.8441, 0.1559],
         [0.8904, 0.1096],
         [0.8073, 0.1927],
         [0.8383, 0.1617],
         [0.8239, 0.1761],
         [0.8896, 0.1104],
         [0.8419, 0.1581],
         [0.8873, 0.1127],
         [0.8059, 0.1941],
         [0.8302, 0.1698],
         [0.8239, 0.1761],
         [0.8800, 0.1200],
         [0.8406, 0.1594],
         [0.8858, 0.1142],
         [0.8007, 0.1993],
         [0.8339, 0.1661],
         [0.8155, 0.1845],
         [0.8811, 0.1189],
         [0.8496, 0.1504],
         [0.8902, 0.1098],
         [0.8014, 0.1986],
         [0.8293, 0.1707],
         [0.8073, 0.1927],
         [0.8855, 0.1145],
         [0.8585, 0.1415],
         [0.8977, 0.1023],
         [0.8130, 0.1870],
         [0.8385, 0.1615],
         [0.8258, 0.1742],
         [0.8834, 0.1166],
         [0.8571, 0.1429],
         [0.9103, 0.0897],
         [0.8216, 0.1784],
         [0.8440, 0.1560],
         [0.8202, 0.1798],
         [0.8967, 0.1033],
         [0.8689, 0.1311],
         [0.9097, 0.0903],
         [0.8065, 0.1935],
         [0.8442, 0.1558],
         [0.8287, 0.1713],
         [0.9136, 0.0864],
         [0.8522, 0.1478],
         [0.8703, 0.1297],
         [0.8044, 0.1956],
         [0.8549, 0.1451],
         [0.8424, 0.1576],
         [0.9311, 0.0689],
         [0.8221, 0.1779],
         [0.8693, 0.1307],
         [0.7959, 0.2041],
         [0.7859, 0.2141],
         [0.7930, 0.2070],
         [0.8169, 0.1831],
         [0.8022, 0.1978],
         [0.8112, 0.1888],
         [0.8038, 0.1962],
         [0.8312, 0.1688],
         [0.8558, 0.1442],
         [0.9142, 0.0858],
         [0.8236, 0.1764],
         [0.8853, 0.1147],
         [0.8445, 0.1555],
         [0.8630, 0.1370],
         [0.8803, 0.1197],
         [0.9489, 0.0511],
         [0.8433, 0.1567],
         [0.9022, 0.0978],
         [0.8574, 0.1426],
         [0.8729, 0.1271],
         [0.8691, 0.1309],
         [0.9520, 0.0480],
         [0.8395, 0.1605],
         [0.9154, 0.0846],
         [0.8490, 0.1510],
         [0.8818, 0.1182],
         [0.8773, 0.1227],
         [0.9474, 0.0526],
         [0.8500, 0.1500],
         [0.9244, 0.0756],
         [0.8543, 0.1457],
         [0.8803, 0.1197],
         [0.8663, 0.1337],
         [0.9461, 0.0539],
         [0.8503, 0.1497],
         [0.9207, 0.0793],
         [0.8514, 0.1486],
         [0.8793, 0.1207],
         [0.8618, 0.1382],
         [0.9395, 0.0605],
         [0.8435, 0.1565],
         [0.9134, 0.0866],
         [0.8485, 0.1515],
         [0.8727, 0.1273],
         [0.8569, 0.1431],
         [0.9340, 0.0660],
         [0.8393, 0.1607],
         [0.9015, 0.0985],
         [0.8443, 0.1557],
         [0.8679, 0.1321],
         [0.8575, 0.1425],
         [0.9373, 0.0627],
         [0.8367, 0.1633],
         [0.8975, 0.1025],
         [0.8386, 0.1614],
         [0.8633, 0.1367],
         [0.8592, 0.1408],
         [0.9397, 0.0603],
         [0.8297, 0.1703],
         [0.9006, 0.0994],
         [0.8339, 0.1661],
         [0.8596, 0.1404],
         [0.8556, 0.1444],
         [0.9406, 0.0594],
         [0.8295, 0.1705],
         [0.8960, 0.1040],
         [0.8341, 0.1659],
         [0.8709, 0.1291],
         [0.8646, 0.1354],
         [0.9518, 0.0482],
         [0.8440, 0.1560],
         [0.9028, 0.0972],
         [0.8475, 0.1525],
         [0.8445, 0.1555],
         [0.8711, 0.1289],
         [0.9413, 0.0587],
         [0.8445, 0.1555],
         [0.9041, 0.0959],
         [0.8172, 0.1828],
         [0.8802, 0.1198],
         [0.8267, 0.1733],
         [0.9598, 0.0402],
         [0.8308, 0.1692],
         [0.9211, 0.0789],
         [0.8284, 0.1716],
         [0.8225, 0.1775],
         [0.8635, 0.1365],
         [0.9806, 0.0194],
         [0.8318, 0.1682],
         [0.9167, 0.0833],
         [0.8334, 0.1666],
         [0.8132, 0.1868],
         [0.8784, 0.1216],
         [0.9285, 0.0715],
         [0.8202, 0.1798],
         [0.8757, 0.1243],
         [0.8025, 0.1975],
         [0.7942, 0.2058],
         [0.8126, 0.1874],
         [0.8370, 0.1630],
         [0.8267, 0.1733],
         [0.8869, 0.1131],
         [0.8334, 0.1666],
         [0.8188, 0.1812],
         [0.8321, 0.1679],
         [0.8718, 0.1282],
         [0.8361, 0.1639],
         [0.9224, 0.0776],
         [0.8513, 0.1487],
         [0.8303, 0.1697],
         [0.8420, 0.1580],
         [0.8555, 0.1445],
         [0.8395, 0.1605],
         [0.9178, 0.0822],
         [0.8397, 0.1603],
         [0.8457, 0.1543],
         [0.8540, 0.1460],
         [0.8571, 0.1429],
         [0.8501, 0.1499],
         [0.9405, 0.0595],
         [0.8548, 0.1452],
         [0.8420, 0.1580],
         [0.8488, 0.1512],
         [0.8754, 0.1246],
         [0.8409, 0.1591],
         [0.9355, 0.0645],
         [0.8433, 0.1567],
         [0.8482, 0.1518],
         [0.8601, 0.1399],
         [0.8823, 0.1177],
         [0.8374, 0.1626],
         [0.9351, 0.0649],
         [0.8426, 0.1574],
         [0.8371, 0.1629],
         [0.8479, 0.1521],
         [0.8816, 0.1184],
         [0.8442, 0.1558],
         [0.9288, 0.0712],
         [0.8275, 0.1725],
         [0.8325, 0.1675],
         [0.8548, 0.1452],
         [0.8755, 0.1245],
         [0.8347, 0.1653],
         [0.9268, 0.0732],
         [0.8216, 0.1784],
         [0.8365, 0.1635],
         [0.8487, 0.1513],
         [0.8849, 0.1151],
         [0.8334, 0.1666],
         [0.9221, 0.0779],
         [0.8286, 0.1714],
         [0.8183, 0.1817],
         [0.8494, 0.1506],
         [0.8734, 0.1266],
         [0.8454, 0.1546],
         [0.9113, 0.0887],
         [0.8465, 0.1535],
         [0.8176, 0.1824],
         [0.8513, 0.1487],
         [0.8847, 0.1153],
         [0.8421, 0.1579],
         [0.9224, 0.0776],
         [0.8523, 0.1477],
         [0.8112, 0.1888],
         [0.8565, 0.1435],
         [0.8659, 0.1341],
         [0.8628, 0.1372],
         [0.9110, 0.0890],
         [0.8526, 0.1474],
         [0.7985, 0.2015],
         [0.8267, 0.1733],
         [0.9358, 0.0642],
         [0.8178, 0.1822],
         [0.9316, 0.0684],
         [0.8348, 0.1652],
         [0.8156, 0.1844],
         [0.8761, 0.1239],
         [0.9684, 0.0316],
         [0.8277, 0.1723],
         [0.9278, 0.0722],
         [0.8370, 0.1630],
         [0.8220, 0.1780],
         [0.9109, 0.0891],
         [0.9387, 0.0613],
         [0.8280, 0.1720],
         [0.8991, 0.1009],
         [0.8213, 0.1787],
         [0.7960, 0.2040],
         [0.7999, 0.2001],
         [0.8537, 0.1463],
         [0.8070, 0.1930],
         [0.9023, 0.0977],
         [0.8140, 0.1860],
         [0.8188, 0.1812],
         [0.8182, 0.1818],
         [0.8861, 0.1139],
         [0.8309, 0.1691],
         [0.9239, 0.0761],
         [0.8309, 0.1691],
         [0.8160, 0.1840],
         [0.8266, 0.1734],
         [0.8833, 0.1167],
         [0.8269, 0.1731],
         [0.9312, 0.0688],
         [0.8226, 0.1774],
         [0.8322, 0.1678],
         [0.8352, 0.1648],
         [0.8876, 0.1124],
         [0.8275, 0.1725],
         [0.9360, 0.0640],
         [0.8167, 0.1833],
         [0.8223, 0.1777],
         [0.8494, 0.1506],
         [0.8992, 0.1008],
         [0.8347, 0.1653],
         [0.9324, 0.0676],
         [0.8140, 0.1860],
         [0.8261, 0.1739],
         [0.8531, 0.1469],
         [0.9089, 0.0911],
         [0.8280, 0.1720],
         [0.9314, 0.0686],
         [0.8187, 0.1813],
         [0.8203, 0.1797],
         [0.8264, 0.1736],
         [0.9146, 0.0854],
         [0.8237, 0.1763],
         [0.9265, 0.0735],
         [0.8085, 0.1915],
         [0.8070, 0.1930],
         [0.8484, 0.1516],
         [0.9025, 0.0975],
         [0.8024, 0.1976],
         [0.9299, 0.0701],
         [0.7911, 0.2089],
         [0.8134, 0.1866],
         [0.8346, 0.1654],
         [0.8964, 0.1036],
         [0.8115, 0.1885],
         [0.9191, 0.0809],
         [0.7974, 0.2026],
         [0.8126, 0.1874],
         [0.8328, 0.1672],
         [0.8780, 0.1220],
         [0.8310, 0.1690],
         [0.9162, 0.0838],
         [0.8272, 0.1728],
         [0.8220, 0.1780],
         [0.8311, 0.1689],
         [0.8705, 0.1295],
         [0.8312, 0.1688],
         [0.9154, 0.0846],
         [0.8484, 0.1516],
         [0.8168, 0.1832],
         [0.8383, 0.1617],
         [0.8761, 0.1239],
         [0.8619, 0.1381],
         [0.9035, 0.0965],
         [0.8470, 0.1530],
         [0.8365, 0.1635],
         [0.8445, 0.1555],
         [0.9279, 0.0721],
         [0.8300, 0.1700],
         [0.8971, 0.1029],
         [0.8331, 0.1669],
         [0.8292, 0.1708],
         [0.8671, 0.1329],
         [0.9741, 0.0259],
         [0.8201, 0.1799],
         [0.9194, 0.0806],
         [0.8296, 0.1704],
         [0.8656, 0.1344],
         [0.9050, 0.0950],
         [0.9207, 0.0793],
         [0.8282, 0.1718],
         [0.9148, 0.0852],
         [0.8256, 0.1744],
         [0.7880, 0.2120],
         [0.8219, 0.1781],
         [0.8768, 0.1232],
         [0.8155, 0.1845],
         [0.8832, 0.1168],
         [0.8202, 0.1798],
         [0.8089, 0.1911],
         [0.8382, 0.1618],
         [0.8996, 0.1004],
         [0.8241, 0.1759],
         [0.9131, 0.0869],
         [0.8166, 0.1834],
         [0.8054, 0.1946],
         [0.8307, 0.1693],
         [0.8734, 0.1266],
         [0.8255, 0.1745],
         [0.9184, 0.0816],
         [0.8236, 0.1764],
         [0.8097, 0.1903],
         [0.8315, 0.1685],
         [0.8856, 0.1144],
         [0.8136, 0.1864],
         [0.9152, 0.0848],
         [0.8248, 0.1752],
         [0.8083, 0.1917],
         [0.8351, 0.1649],
         [0.8882, 0.1118],
         [0.8293, 0.1707],
         [0.9195, 0.0805],
         [0.8297, 0.1703],
         [0.8043, 0.1957],
         [0.8438, 0.1562],
         [0.9086, 0.0914],
         [0.8202, 0.1798],
         [0.9174, 0.0826],
         [0.8338, 0.1662],
         [0.8009, 0.1991],
         [0.8327, 0.1673],
         [0.9303, 0.0697],
         [0.7975, 0.2025],
         [0.9220, 0.0780],
         [0.8068, 0.1932],
         [0.7975, 0.2025],
         [0.8379, 0.1621],
         [0.9268, 0.0732],
         [0.7601, 0.2399],
         [0.9298, 0.0702],
         [0.7471, 0.2529],
         [0.8176, 0.1824],
         [0.8111, 0.1889],
         [0.9157, 0.0843],
         [0.7727, 0.2273],
         [0.9242, 0.0758],
         [0.7655, 0.2345],
         [0.8200, 0.1800],
         [0.8156, 0.1844],
         [0.8965, 0.1035],
         [0.8153, 0.1847],
         [0.9147, 0.0853],
         [0.8204, 0.1796],
         [0.8278, 0.1722],
         [0.8177, 0.1823],
         [0.8912, 0.1088],
         [0.8257, 0.1743],
         [0.9069, 0.0931],
         [0.8210, 0.1790],
         [0.8089, 0.1911],
         [0.8343, 0.1657],
         [0.9046, 0.0954],
         [0.8531, 0.1469],
         [0.8992, 0.1008],
         [0.8328, 0.1672],
         [0.8263, 0.1737],
         [0.8578, 0.1422],
         [0.9375, 0.0625],
         [0.8422, 0.1578],
         [0.9077, 0.0923],
         [0.8498, 0.1502],
         [0.8177, 0.1823],
         [0.8609, 0.1391],
         [0.9752, 0.0248],
         [0.8176, 0.1824],
         [0.9120, 0.0880],
         [0.8368, 0.1632],
         [0.8504, 0.1496],
         [0.8952, 0.1048],
         [0.9139, 0.0861],
         [0.8298, 0.1702],
         [0.9278, 0.0722],
         [0.8440, 0.1560],
         [0.7867, 0.2133],
         [0.8080, 0.1920],
         [0.8934, 0.1066],
         [0.8018, 0.1982],
         [0.8870, 0.1130],
         [0.8158, 0.1842],
         [0.8157, 0.1843],
         [0.8222, 0.1778],
         [0.9111, 0.0889],
         [0.8156, 0.1844],
         [0.9313, 0.0687],
         [0.8060, 0.1940],
         [0.8107, 0.1893],
         [0.8224, 0.1776],
         [0.8845, 0.1155],
         [0.8127, 0.1873],
         [0.9154, 0.0846],
         [0.8027, 0.1973],
         [0.7864, 0.2136],
         [0.8413, 0.1587],
         [0.8750, 0.1250],
         [0.8050, 0.1950],
         [0.9171, 0.0829],
         [0.8101, 0.1899],
         [0.7978, 0.2022],
         [0.8371, 0.1629],
         [0.8887, 0.1113],
         [0.8188, 0.1812],
         [0.9261, 0.0739],
         [0.8069, 0.1931],
         [0.8073, 0.1927],
         [0.8236, 0.1764],
         [0.9269, 0.0731],
         [0.8185, 0.1815],
         [0.9160, 0.0840],
         [0.8110, 0.1890],
         [0.7968, 0.2032],
         [0.8190, 0.1810],
         [0.9452, 0.0548],
         [0.7942, 0.2058],
         [0.9323, 0.0677],
         [0.7907, 0.2093],
         [0.8076, 0.1924],
         [0.8241, 0.1759],
         [0.9431, 0.0569],
         [0.7143, 0.2857],
         [0.9465, 0.0535],
         [0.6622, 0.3378],
         [0.8165, 0.1835],
         [0.8191, 0.1809],
         [0.9226, 0.0774],
         [0.7236, 0.2764],
         [0.9269, 0.0731],
         [0.7064, 0.2936],
         [0.8195, 0.1805],
         [0.8194, 0.1806],
         [0.8984, 0.1016],
         [0.7998, 0.2002],
         [0.9190, 0.0810],
         [0.7982, 0.2018],
         [0.8397, 0.1603],
         [0.8057, 0.1943],
         [0.8987, 0.1013],
         [0.8166, 0.1834],
         [0.9129, 0.0871],
         [0.8094, 0.1906],
         [0.8270, 0.1730],
         [0.8370, 0.1630],
         [0.9196, 0.0804],
         [0.8513, 0.1487],
         [0.9107, 0.0893],
         [0.8297, 0.1703],
         [0.8357, 0.1643],
         [0.8638, 0.1362],
         [0.9477, 0.0523],
         [0.8513, 0.1487],
         [0.9092, 0.0908],
         [0.8418, 0.1582],
         [0.8222, 0.1778],
         [0.8576, 0.1424],
         [0.9766, 0.0234],
         [0.8321, 0.1679],
         [0.9232, 0.0768],
         [0.8339, 0.1661],
         [0.8502, 0.1498],
         [0.8859, 0.1141],
         [0.9217, 0.0783],
         [0.8086, 0.1914],
         [0.9318, 0.0682],
         [0.8198, 0.1802],
         [0.8028, 0.1972],
         [0.8083, 0.1917],
         [0.9086, 0.0914],
         [0.8042, 0.1958],
         [0.9064, 0.0936],
         [0.8096, 0.1904],
         [0.8267, 0.1733],
         [0.8293, 0.1707],
         [0.9306, 0.0694],
         [0.7988, 0.2012],
         [0.9294, 0.0706],
         [0.7853, 0.2147],
         [0.8254, 0.1746],
         [0.8207, 0.1793],
         [0.9093, 0.0907],
         [0.8075, 0.1925],
         [0.9171, 0.0829],
         [0.7859, 0.2141],
         [0.8049, 0.1951],
         [0.8270, 0.1730],
         [0.9044, 0.0956],
         [0.8220, 0.1780],
         [0.9093, 0.0907],
         [0.8134, 0.1866],
         [0.8168, 0.1832],
         [0.8236, 0.1764],
         [0.9108, 0.0892],
         [0.8267, 0.1733],
         [0.9096, 0.0904],
         [0.8009, 0.1991],
         [0.8237, 0.1763],
         [0.8237, 0.1763],
         [0.9478, 0.0522],
         [0.8196, 0.1804],
         [0.9178, 0.0822],
         [0.7954, 0.2046],
         [0.8224, 0.1776],
         [0.8029, 0.1971],
         [0.9619, 0.0381],
         [0.7868, 0.2132],
         [0.9469, 0.0531],
         [0.7539, 0.2461],
         [0.8030, 0.1970],
         [0.8164, 0.1836],
         [0.9602, 0.0398],
         [0.6599, 0.3401],
         [0.9586, 0.0414],
         [0.5724, 0.4276],
         [0.8270, 0.1730],
         [0.7794, 0.2206],
         [0.9441, 0.0559],
         [0.6540, 0.3460],
         [0.9441, 0.0559],
         [0.6205, 0.3795],
         [0.8002, 0.1998],
         [0.8231, 0.1769],
         [0.9063, 0.0937],
         [0.7634, 0.2366],
         [0.9395, 0.0605],
         [0.7517, 0.2483],
         [0.8234, 0.1766],
         [0.8132, 0.1868],
         [0.9229, 0.0771],
         [0.7991, 0.2009],
         [0.9308, 0.0692],
         [0.7878, 0.2122],
         [0.8167, 0.1833],
         [0.8549, 0.1451],
         [0.9338, 0.0662],
         [0.8266, 0.1734],
         [0.9285, 0.0715],
         [0.8323, 0.1677],
         [0.8375, 0.1625],
         [0.8558, 0.1442],
         [0.9488, 0.0512],
         [0.8378, 0.1622],
         [0.9262, 0.0738],
         [0.8429, 0.1571],
         [0.8270, 0.1730],
         [0.8451, 0.1549],
         [0.9778, 0.0222],
         [0.8323, 0.1677],
         [0.9388, 0.0612],
         [0.8392, 0.1608],
         [0.8460, 0.1540],
         [0.9010, 0.0990],
         [0.9274, 0.0726],
         [0.8101, 0.1899],
         [0.9327, 0.0673],
         [0.7973, 0.2027],
         [0.8183, 0.1817],
         [0.8357, 0.1643],
         [0.9202, 0.0798],
         [0.8082, 0.1918],
         [0.9099, 0.0901],
         [0.8106, 0.1894],
         [0.8412, 0.1588],
         [0.8283, 0.1717],
         [0.9483, 0.0517],
         [0.8217, 0.1783],
         [0.9214, 0.0786],
         [0.8022, 0.1978],
         [0.8251, 0.1749],
         [0.8432, 0.1568],
         [0.9239, 0.0761],
         [0.8082, 0.1918],
         [0.9293, 0.0707],
         [0.7952, 0.2048],
         [0.8144, 0.1856],
         [0.8345, 0.1655],
         [0.9280, 0.0720],
         [0.8381, 0.1619],
         [0.9169, 0.0831],
         [0.8254, 0.1746],
         [0.8063, 0.1937],
         [0.8405, 0.1595],
         [0.9289, 0.0711],
         [0.8394, 0.1606],
         [0.9049, 0.0951],
         [0.8119, 0.1881],
         [0.8172, 0.1828],
         [0.8327, 0.1673],
         [0.9441, 0.0559],
         [0.8252, 0.1748],
         [0.9154, 0.0846],
         [0.8107, 0.1893],
         [0.8155, 0.1845],
         [0.8165, 0.1835],
         [0.9647, 0.0353],
         [0.7672, 0.2328],
         [0.9616, 0.0384],
         [0.7757, 0.2243],
         [0.8052, 0.1948],
         [0.8216, 0.1784],
         [0.9782, 0.0218],
         [0.5956, 0.4044],
         [0.9719, 0.0281],
         [0.5603, 0.4397],
         [0.8100, 0.1900],
         [0.7917, 0.2083],
         [0.9580, 0.0420],
         [0.5694, 0.4306],
         [0.9657, 0.0343],
         [0.5797, 0.4203],
         [0.7975, 0.2025],
         [0.8087, 0.1913],
         [0.9325, 0.0675],
         [0.7055, 0.2945],
         [0.9602, 0.0398],
         [0.6565, 0.3435],
         [0.8316, 0.1684],
         [0.8152, 0.1848],
         [0.9409, 0.0591],
         [0.7579, 0.2421],
         [0.9479, 0.0521],
         [0.7264, 0.2736],
         [0.8172, 0.1828],
         [0.8668, 0.1332],
         [0.9403, 0.0597],
         [0.8074, 0.1926],
         [0.9418, 0.0582],
         [0.8215, 0.1785],
         [0.8210, 0.1790],
         [0.8535, 0.1465],
         [0.9377, 0.0623],
         [0.8280, 0.1720],
         [0.9334, 0.0666],
         [0.8282, 0.1718],
         [0.8105, 0.1895],
         [0.8387, 0.1613],
         [0.9743, 0.0257],
         [0.8424, 0.1576],
         [0.9508, 0.0492],
         [0.8283, 0.1717],
         [0.8374, 0.1626],
         [0.8915, 0.1085],
         [0.9205, 0.0795],
         [0.8235, 0.1765],
         [0.9363, 0.0637],
         [0.8233, 0.1767],
         [0.8242, 0.1758],
         [0.8409, 0.1591],
         [0.9326, 0.0674],
         [0.8222, 0.1778],
         [0.9154, 0.0846],
         [0.8096, 0.1904],
         [0.8477, 0.1523],
         [0.8354, 0.1646],
         [0.9634, 0.0366],
         [0.8317, 0.1683],
         [0.9370, 0.0630],
         [0.8047, 0.1953],
         [0.8269, 0.1731],
         [0.8650, 0.1350],
         [0.9461, 0.0539],
         [0.8295, 0.1705],
         [0.9422, 0.0578],
         [0.8023, 0.1977],
         [0.8172, 0.1828],
         [0.8570, 0.1430],
         [0.9513, 0.0487],
         [0.8439, 0.1561],
         [0.9328, 0.0672],
         [0.8193, 0.1807],
         [0.8114, 0.1886],
         [0.8485, 0.1515],
         [0.9503, 0.0497],
         [0.8448, 0.1552],
         [0.9248, 0.0752],
         [0.8239, 0.1761],
         [0.8275, 0.1725],
         [0.8277, 0.1723],
         [0.9563, 0.0437],
         [0.8344, 0.1656],
         [0.9302, 0.0698],
         [0.8131, 0.1869],
         [0.8311, 0.1689],
         [0.8237, 0.1763],
         [0.9671, 0.0329],
         [0.7681, 0.2319],
         [0.9630, 0.0370],
         [0.7709, 0.2291],
         [0.8293, 0.1707],
         [0.8554, 0.1446],
         [0.9807, 0.0193],
         [0.6199, 0.3801],
         [0.9754, 0.0246],
         [0.5847, 0.4153],
         [0.8120, 0.1880],
         [0.8188, 0.1812],
         [0.9619, 0.0381],
         [0.5811, 0.4189],
         [0.9799, 0.0201],
         [0.5950, 0.4050],
         [0.7865, 0.2135],
         [0.7884, 0.2116],
         [0.9511, 0.0489],
         [0.6147, 0.3853],
         [0.9682, 0.0318],
         [0.6162, 0.3838],
         [0.7965, 0.2035],
         [0.8044, 0.1956],
         [0.9586, 0.0414],
         [0.6910, 0.3090],
         [0.9586, 0.0414],
         [0.6933, 0.3067],
         [0.8145, 0.1855],
         [0.8553, 0.1447],
         [0.9464, 0.0536],
         [0.8038, 0.1962],
         [0.9569, 0.0431],
         [0.8239, 0.1761],
         [0.8116, 0.1884],
         [0.8357, 0.1643],
         [0.9541, 0.0459],
         [0.8430, 0.1570],
         [0.9287, 0.0713],
         [0.8230, 0.1770],
         [0.8001, 0.1999],
         [0.8252, 0.1748],
         [0.9750, 0.0250],
         [0.8257, 0.1743],
         [0.9465, 0.0535],
         [0.8324, 0.1676],
         [0.8141, 0.1859],
         [0.8869, 0.1131],
         [0.9247, 0.0753],
         [0.8152, 0.1848],
         [0.9343, 0.0657],
         [0.8182, 0.1818],
         [0.8217, 0.1783],
         [0.8427, 0.1573],
         [0.9362, 0.0638],
         [0.8175, 0.1825],
         [0.9228, 0.0772],
         [0.8095, 0.1905],
         [0.8479, 0.1521],
         [0.8419, 0.1581],
         [0.9673, 0.0327],
         [0.8359, 0.1641],
         [0.9371, 0.0629],
         [0.8080, 0.1920],
         [0.8341, 0.1659],
         [0.8605, 0.1395],
         [0.9650, 0.0350],
         [0.8337, 0.1663],
         [0.9495, 0.0505],
         [0.8033, 0.1967],
         [0.8423, 0.1577],
         [0.8591, 0.1409],
         [0.9646, 0.0354],
         [0.8553, 0.1447],
         [0.9439, 0.0561],
         [0.8049, 0.1951],
         [0.8259, 0.1741],
         [0.8531, 0.1469],
         [0.9631, 0.0369],
         [0.8448, 0.1552],
         [0.9419, 0.0581],
         [0.8152, 0.1848],
         [0.8388, 0.1612],
         [0.8205, 0.1795],
         [0.9626, 0.0374],
         [0.8300, 0.1700],
         [0.9425, 0.0575],
         [0.8083, 0.1917],
         [0.8373, 0.1627],
         [0.8230, 0.1770],
         [0.9740, 0.0260],
         [0.7763, 0.2237],
         [0.9547, 0.0453],
         [0.7828, 0.2172],
         [0.8271, 0.1729],
         [0.8551, 0.1449],
         [0.9746, 0.0254],
         [0.6655, 0.3345],
         [0.9754, 0.0246],
         [0.6434, 0.3566],
         [0.8192, 0.1808],
         [0.8242, 0.1758],
         [0.9682, 0.0318],
         [0.6073, 0.3927],
         [0.9815, 0.0185],
         [0.6343, 0.3657],
         [0.8029, 0.1971],
         [0.8143, 0.1857],
         [0.9735, 0.0265],
         [0.5923, 0.4077],
         [0.9654, 0.0346],
         [0.5964, 0.4036],
         [0.8043, 0.1957],
         [0.8248, 0.1752],
         [0.9683, 0.0317],
         [0.6789, 0.3211],
         [0.9678, 0.0322],
         [0.6228, 0.3772],
         [0.8229, 0.1771],
         [0.8309, 0.1691],
         [0.9552, 0.0448],
         [0.7942, 0.2058],
         [0.9626, 0.0374],
         [0.7908, 0.2092],
         [0.8107, 0.1893],
         [0.8226, 0.1774],
         [0.9621, 0.0379],
         [0.8250, 0.1750],
         [0.9226, 0.0774],
         [0.8137, 0.1863],
         [0.7944, 0.2056],
         [0.8223, 0.1777],
         [0.9737, 0.0263],
         [0.7971, 0.2029],
         [0.9313, 0.0687],
         [0.8150, 0.1850],
         [0.7983, 0.2017],
         [0.8701, 0.1299],
         [0.9202, 0.0798],
         [0.8050, 0.1950],
         [0.9245, 0.0755],
         [0.8109, 0.1891],
         [0.8263, 0.1737],
         [0.8430, 0.1570],
         [0.9319, 0.0681],
         [0.8198, 0.1802],
         [0.9042, 0.0958],
         [0.8134, 0.1866],
         [0.8555, 0.1445],
         [0.8488, 0.1512],
         [0.9681, 0.0319],
         [0.8316, 0.1684],
         [0.9383, 0.0617],
         [0.8067, 0.1933],
         [0.8339, 0.1661],
         [0.8534, 0.1466],
         [0.9616, 0.0384],
         [0.8235, 0.1765],
         [0.9350, 0.0650],
         [0.7993, 0.2007],
         [0.8428, 0.1572],
         [0.8546, 0.1454],
         [0.9630, 0.0370],
         [0.8471, 0.1529],
         [0.9357, 0.0643],
         [0.8187, 0.1813],
         [0.8379, 0.1621],
         [0.8462, 0.1538],
         [0.9614, 0.0386],
         [0.8392, 0.1608],
         [0.9295, 0.0705],
         [0.8215, 0.1785],
         [0.8401, 0.1599],
         [0.8475, 0.1525],
         [0.9560, 0.0440],
         [0.8319, 0.1681],
         [0.9308, 0.0692],
         [0.8191, 0.1809],
         [0.8405, 0.1595],
         [0.8287, 0.1713],
         [0.9710, 0.0290],
         [0.8195, 0.1805],
         [0.9467, 0.0533],
         [0.8079, 0.1921],
         [0.8424, 0.1576],
         [0.8325, 0.1675],
         [0.9738, 0.0262],
         [0.7603, 0.2397],
         [0.9709, 0.0291],
         [0.7337, 0.2663],
         [0.8298, 0.1702],
         [0.8441, 0.1559],
         [0.9650, 0.0350],
         [0.7089, 0.2911],
         [0.9740, 0.0260],
         [0.6927, 0.3073],
         [0.8211, 0.1789],
         [0.8256, 0.1744],
         [0.9745, 0.0255],
         [0.6628, 0.3372],
         [0.9650, 0.0350],
         [0.6153, 0.3847],
         [0.8203, 0.1797],
         [0.8284, 0.1716],
         [0.9628, 0.0372],
         [0.6902, 0.3098],
         [0.9663, 0.0337],
         [0.6532, 0.3468],
         [0.8358, 0.1642],
         [0.8297, 0.1703],
         [0.9564, 0.0436],
         [0.8054, 0.1946],
         [0.9557, 0.0443],
         [0.7866, 0.2134],
         [0.8005, 0.1995],
         [0.8233, 0.1767],
         [0.9616, 0.0384],
         [0.8161, 0.1839],
         [0.9026, 0.0974],
         [0.8108, 0.1892],
         [0.7785, 0.2215],
         [0.8120, 0.1880],
         [0.9663, 0.0337],
         [0.7919, 0.2081],
         [0.9108, 0.0892],
         [0.8227, 0.1773],
         [0.7874, 0.2126],
         [0.8514, 0.1486],
         [0.8998, 0.1002],
         [0.8042, 0.1958],
         [0.9125, 0.0875],
         [0.8225, 0.1775],
         [0.8117, 0.1883],
         [0.8321, 0.1679],
         [0.9144, 0.0856],
         [0.8175, 0.1825],
         [0.9136, 0.0864],
         [0.8041, 0.1959],
         [0.8132, 0.1868],
         [0.8471, 0.1529],
         [0.9561, 0.0439],
         [0.8231, 0.1769],
         [0.9396, 0.0604],
         [0.8072, 0.1928],
         [0.8062, 0.1938],
         [0.8274, 0.1726],
         [0.9524, 0.0476],
         [0.8142, 0.1858],
         [0.9351, 0.0649],
         [0.8059, 0.1941],
         [0.8089, 0.1911],
         [0.8334, 0.1666],
         [0.9478, 0.0522],
         [0.8294, 0.1706],
         [0.9293, 0.0707],
         [0.8163, 0.1837],
         [0.8202, 0.1798],
         [0.8218, 0.1782],
         [0.9522, 0.0478],
         [0.8295, 0.1705],
         [0.9224, 0.0776],
         [0.8220, 0.1780],
         [0.8243, 0.1757],
         [0.8382, 0.1618],
         [0.9558, 0.0442],
         [0.8410, 0.1590],
         [0.9285, 0.0715],
         [0.8277, 0.1723],
         [0.8219, 0.1781],
         [0.8404, 0.1596],
         [0.9617, 0.0383],
         [0.8327, 0.1673],
         [0.9389, 0.0611],
         [0.8113, 0.1887],
         [0.8122, 0.1878],
         [0.8406, 0.1594],
         [0.9673, 0.0327],
         [0.8135, 0.1865],
         [0.9566, 0.0434],
         [0.7759, 0.2241],
         [0.8054, 0.1946],
         [0.8378, 0.1622],
         [0.9582, 0.0418],
         [0.7842, 0.2158],
         [0.9689, 0.0311],
         [0.7637, 0.2363],
         [0.7990, 0.2010],
         [0.8303, 0.1697],
         [0.9659, 0.0341],
         [0.7400, 0.2600],
         [0.9584, 0.0416],
         [0.7088, 0.2912],
         [0.7872, 0.2128],
         [0.8358, 0.1642],
         [0.9509, 0.0491],
         [0.7386, 0.2614],
         [0.9595, 0.0405],
         [0.7041, 0.2959],
         [0.8210, 0.1790],
         [0.8290, 0.1710],
         [0.9467, 0.0533],
         [0.8041, 0.1959],
         [0.9546, 0.0454],
         [0.8027, 0.1973],
         [0.8026, 0.1974],
         [0.8455, 0.1545],
         [0.9613, 0.0387],
         [0.8245, 0.1755],
         [0.8964, 0.1036],
         [0.8216, 0.1784],
         [0.8022, 0.1978],
         [0.8262, 0.1738],
         [0.9638, 0.0362],
         [0.8068, 0.1932],
         [0.9138, 0.0862],
         [0.8200, 0.1800],
         [0.7983, 0.2017],
         [0.8313, 0.1687],
         [0.9006, 0.0994],
         [0.8072, 0.1928],
         [0.8869, 0.1131],
         [0.8423, 0.1577],
         [0.8170, 0.1830],
         [0.8475, 0.1525],
         [0.8902, 0.1098],
         [0.8316, 0.1684],
         [0.9147, 0.0853],
         [0.8260, 0.1740],
         [0.8194, 0.1806],
         [0.8397, 0.1603],
         [0.9455, 0.0545],
         [0.8279, 0.1721],
         [0.9291, 0.0709],
         [0.8127, 0.1873],
         [0.8072, 0.1928],
         [0.8293, 0.1707],
         [0.9356, 0.0644],
         [0.8008, 0.1992],
         [0.9068, 0.0932],
         [0.7894, 0.2106],
         [0.8190, 0.1810],
         [0.8288, 0.1712],
         [0.9392, 0.0608],
         [0.8227, 0.1773],
         [0.8992, 0.1008],
         [0.8055, 0.1945],
         [0.8263, 0.1737],
         [0.8236, 0.1764],
         [0.9351, 0.0649],
         [0.8284, 0.1716],
         [0.8944, 0.1056],
         [0.8084, 0.1916],
         [0.8302, 0.1698],
         [0.8358, 0.1642],
         [0.9368, 0.0632],
         [0.8357, 0.1643],
         [0.8997, 0.1003],
         [0.8139, 0.1861],
         [0.8296, 0.1704],
         [0.8502, 0.1498],
         [0.9399, 0.0601],
         [0.8331, 0.1669],
         [0.9005, 0.0995],
         [0.8123, 0.1877],
         [0.8209, 0.1791],
         [0.8489, 0.1511],
         [0.9483, 0.0517],
         [0.8250, 0.1750],
         [0.9099, 0.0901],
         [0.7973, 0.2027],
         [0.8276, 0.1724],
         [0.8562, 0.1438],
         [0.9369, 0.0631],
         [0.8208, 0.1792],
         [0.9234, 0.0766],
         [0.7992, 0.2008],
         [0.8234, 0.1766],
         [0.8406, 0.1594],
         [0.9487, 0.0513],
         [0.7988, 0.2012],
         [0.9121, 0.0879],
         [0.7712, 0.2288],
         [0.8238, 0.1762],
         [0.8372, 0.1628],
         [0.9482, 0.0518],
         [0.7836, 0.2164],
         [0.9289, 0.0711],
         [0.7695, 0.2305],
         [0.8337, 0.1663],
         [0.8367, 0.1633],
         [0.9499, 0.0501],
         [0.8175, 0.1825],
         [0.9312, 0.0688],
         [0.8133, 0.1867],
         [0.8201, 0.1799],
         [0.8610, 0.1390],
         [0.9598, 0.0402],
         [0.8244, 0.1756],
         [0.8996, 0.1004],
         [0.8186, 0.1814],
         [0.8114, 0.1886],
         [0.8741, 0.1259],
         [0.9664, 0.0336],
         [0.8498, 0.1502],
         [0.9063, 0.0937],
         [0.8406, 0.1594],
         [0.8197, 0.1803],
         [0.8659, 0.1341],
         [0.9153, 0.0847],
         [0.8103, 0.1897],
         [0.8219, 0.1781],
         [0.8363, 0.1637],
         [0.8561, 0.1439],
         [0.8619, 0.1381],
         [0.8828, 0.1172],
         [0.8378, 0.1622],
         [0.9163, 0.0837],
         [0.8317, 0.1683],
         [0.8966, 0.1034],
         [0.8760, 0.1240],
         [0.9635, 0.0365],
         [0.8501, 0.1499],
         [0.8839, 0.1161],
         [0.8353, 0.1647],
         [0.9005, 0.0995],
         [0.8760, 0.1240],
         [0.9624, 0.0376],
         [0.8508, 0.1492],
         [0.8682, 0.1318],
         [0.8247, 0.1753],
         [0.9083, 0.0917],
         [0.8795, 0.1205],
         [0.9635, 0.0365],
         [0.8436, 0.1564],
         [0.8707, 0.1293],
         [0.8287, 0.1713],
         [0.9109, 0.0891],
         [0.8829, 0.1171],
         [0.9664, 0.0336],
         [0.8432, 0.1568],
         [0.8734, 0.1266],
         [0.8364, 0.1636],
         [0.9104, 0.0896],
         [0.8837, 0.1163],
         [0.9665, 0.0335],
         [0.8461, 0.1539],
         [0.8670, 0.1330],
         [0.8380, 0.1620],
         [0.9152, 0.0848],
         [0.8878, 0.1122],
         [0.9681, 0.0319],
         [0.8540, 0.1460],
         [0.8647, 0.1353],
         [0.8370, 0.1630],
         [0.9212, 0.0788],
         [0.8764, 0.1236],
         [0.9708, 0.0292],
         [0.8541, 0.1459],
         [0.8527, 0.1473],
         [0.8315, 0.1685],
         [0.9154, 0.0846],
         [0.8779, 0.1221],
         [0.9674, 0.0326],
         [0.8458, 0.1542],
         [0.8527, 0.1473],
         [0.8310, 0.1690],
         [0.9134, 0.0866],
         [0.8726, 0.1274],
         [0.9651, 0.0349],
         [0.8415, 0.1585],
         [0.8536, 0.1464],
         [0.8166, 0.1834],
         [0.9030, 0.0970],
         [0.8788, 0.1212],
         [0.9622, 0.0378],
         [0.8411, 0.1589],
         [0.8897, 0.1103],
         [0.8161, 0.1839],
         [0.9315, 0.0685],
         [0.8888, 0.1112],
         [0.9771, 0.0229],
         [0.8400, 0.1600],
         [0.9027, 0.0973],
         [0.8242, 0.1758],
         [0.8964, 0.1036],
         [0.8976, 0.1024],
         [0.9758, 0.0242],
         [0.8579, 0.1421],
         [0.8607, 0.1393],
         [0.8420, 0.1580],
         [0.8786, 0.1214],
         [0.8807, 0.1193],
         [0.9803, 0.0197],
         [0.8714, 0.1286],
         [0.8775, 0.1225],
         [0.8506, 0.1494],
         [0.8826, 0.1174],
         [0.8974, 0.1026],
         [0.8912, 0.1088],
         [0.8401, 0.1599],
         [0.8072, 0.1928],
         [0.8397, 0.1603],
         [0.7932, 0.2068],
         [0.7821, 0.2179],
         [0.8017, 0.1983],
         [0.7999, 0.2001],
         [0.7802, 0.2198],
         [0.7846, 0.2154],
         [0.8353, 0.1647],
         [0.7986, 0.2014],
         [0.9065, 0.0935],
         [0.8357, 0.1643],
         [0.8444, 0.1556],
         [0.7915, 0.2085],
         [0.8517, 0.1483],
         [0.7997, 0.2003],
         [0.8936, 0.1064],
         [0.8315, 0.1685],
         [0.8420, 0.1580],
         [0.8038, 0.1962],
         [0.8631, 0.1369],
         [0.8053, 0.1947],
         [0.8943, 0.1057],
         [0.8422, 0.1578],
         [0.8425, 0.1575],
         [0.8128, 0.1872],
         [0.8727, 0.1273],
         [0.8136, 0.1864],
         [0.8964, 0.1036],
         [0.8485, 0.1515],
         [0.8470, 0.1530],
         [0.8165, 0.1835],
         [0.8731, 0.1269],
         [0.8198, 0.1802],
         [0.8980, 0.1020],
         [0.8474, 0.1526],
         [0.8475, 0.1525],
         [0.8112, 0.1888],
         [0.8687, 0.1313],
         [0.8189, 0.1811],
         [0.8972, 0.1028],
         [0.8474, 0.1526],
         [0.8478, 0.1522],
         [0.8150, 0.1850],
         [0.8592, 0.1408],
         [0.8175, 0.1825],
         [0.8940, 0.1060],
         [0.8443, 0.1557],
         [0.8378, 0.1622],
         [0.8059, 0.1941],
         [0.8494, 0.1506],
         [0.8068, 0.1932],
         [0.8933, 0.1067],
         [0.8369, 0.1631],
         [0.8305, 0.1695],
         [0.8003, 0.1997],
         [0.8430, 0.1570],
         [0.7859, 0.2141],
         [0.8942, 0.1058],
         [0.8334, 0.1666],
         [0.8336, 0.1664],
         [0.7977, 0.2023],
         [0.8385, 0.1615],
         [0.7888, 0.2112],
         [0.8899, 0.1101],
         [0.8337, 0.1663],
         [0.8364, 0.1636],
         [0.7943, 0.2057],
         [0.8319, 0.1681],
         [0.8244, 0.1756],
         [0.8865, 0.1135],
         [0.8321, 0.1679],
         [0.8493, 0.1507],
         [0.8054, 0.1946],
         [0.7971, 0.2029],
         [0.8375, 0.1625],
         [0.9035, 0.0965],
         [0.7880, 0.2120],
         [0.8408, 0.1592],
         [0.7810, 0.2190],
         [0.8177, 0.1823],
         [0.7980, 0.2020],
         [0.9144, 0.0856],
         [0.8443, 0.1557],
         [0.8489, 0.1511],
         [0.8408, 0.1592],
         [0.8019, 0.1981],
         [0.8404, 0.1596],
         [0.7948, 0.2052],
         [0.7871, 0.2129],
         [0.7835, 0.2165],
         [0.8093, 0.1907]]], device='cuda:0')
