tensor([[[0.8338, 0.1662],
         [0.8049, 0.1951],
         [0.8094, 0.1906],
         [0.7881, 0.2119],
         [0.7760, 0.2240],
         [0.7964, 0.2036],
         [0.8243, 0.1757],
         [0.8070, 0.1930],
         [0.8564, 0.1436],
         [0.8278, 0.1722],
         [0.8623, 0.1377],
         [0.8017, 0.1983],
         [0.8417, 0.1583],
         [0.8247, 0.1753],
         [0.8473, 0.1527],
         [0.8473, 0.1527],
         [0.8874, 0.1126],
         [0.8058, 0.1942],
         [0.8927, 0.1073],
         [0.8347, 0.1653],
         [0.8667, 0.1333],
         [0.8497, 0.1503],
         [0.8643, 0.1357],
         [0.8281, 0.1719],
         [0.8720, 0.1280],
         [0.8471, 0.1529],
         [0.8374, 0.1626],
         [0.8674, 0.1326],
         [0.8647, 0.1353],
         [0.8466, 0.1534],
         [0.8676, 0.1324],
         [0.8437, 0.1563],
         [0.8408, 0.1592],
         [0.8393, 0.1607],
         [0.8841, 0.1159],
         [0.8304, 0.1696],
         [0.8109, 0.1891],
         [0.8102, 0.1898],
         [0.8155, 0.1845],
         [0.8082, 0.1918],
         [0.8078, 0.1922],
         [0.8008, 0.1992],
         [0.8364, 0.1636],
         [0.8300, 0.1700],
         [0.8251, 0.1749],
         [0.8210, 0.1790],
         [0.8346, 0.1654],
         [0.8418, 0.1582],
         [0.8550, 0.1450],
         [0.8491, 0.1509],
         [0.8855, 0.1145],
         [0.8118, 0.1882],
         [0.8717, 0.1283],
         [0.8565, 0.1435],
         [0.8709, 0.1291],
         [0.8811, 0.1189],
         [0.8607, 0.1393],
         [0.8275, 0.1725],
         [0.9033, 0.0967],
         [0.8503, 0.1497],
         [0.8892, 0.1108],
         [0.8710, 0.1290],
         [0.8844, 0.1156],
         [0.8480, 0.1520],
         [0.8844, 0.1156],
         [0.8618, 0.1382],
         [0.8827, 0.1173],
         [0.8883, 0.1117],
         [0.8881, 0.1119],
         [0.8750, 0.1250],
         [0.8905, 0.1095],
         [0.8533, 0.1467],
         [0.8946, 0.1054],
         [0.8879, 0.1121],
         [0.8941, 0.1059],
         [0.8903, 0.1097],
         [0.8912, 0.1088],
         [0.8578, 0.1422],
         [0.8510, 0.1490],
         [0.8392, 0.1608],
         [0.8571, 0.1429],
         [0.8446, 0.1554],
         [0.8247, 0.1753],
         [0.8577, 0.1423],
         [0.8252, 0.1748],
         [0.7977, 0.2023],
         [0.8481, 0.1519],
         [0.8095, 0.1905],
         [0.8238, 0.1762],
         [0.8250, 0.1750],
         [0.8668, 0.1332],
         [0.8174, 0.1826],
         [0.8876, 0.1124],
         [0.7751, 0.2249],
         [0.8419, 0.1581],
         [0.8207, 0.1793],
         [0.8285, 0.1715],
         [0.8172, 0.1828],
         [0.8615, 0.1385],
         [0.7924, 0.2076],
         [0.8628, 0.1372],
         [0.8031, 0.1969],
         [0.8285, 0.1715],
         [0.7968, 0.2032],
         [0.8564, 0.1436],
         [0.7953, 0.2047],
         [0.8732, 0.1268],
         [0.7832, 0.2168],
         [0.8327, 0.1673],
         [0.8218, 0.1782],
         [0.8866, 0.1134],
         [0.7969, 0.2031],
         [0.8891, 0.1109],
         [0.7588, 0.2412],
         [0.7893, 0.2107],
         [0.8350, 0.1650],
         [0.8912, 0.1088],
         [0.8065, 0.1935],
         [0.8513, 0.1487],
         [0.8042, 0.1958],
         [0.8241, 0.1759],
         [0.8022, 0.1978],
         [0.8653, 0.1347],
         [0.8221, 0.1779],
         [0.8423, 0.1577],
         [0.8104, 0.1896],
         [0.8191, 0.1809],
         [0.8275, 0.1725],
         [0.8941, 0.1059],
         [0.8369, 0.1631],
         [0.8467, 0.1533],
         [0.8059, 0.1941],
         [0.8278, 0.1722],
         [0.8013, 0.1987],
         [0.9067, 0.0933],
         [0.8166, 0.1834],
         [0.8910, 0.1090],
         [0.8025, 0.1975],
         [0.8072, 0.1928],
         [0.7780, 0.2220],
         [0.8785, 0.1215],
         [0.8093, 0.1907],
         [0.8890, 0.1110],
         [0.7610, 0.2390],
         [0.7527, 0.2473],
         [0.7625, 0.2375],
         [0.9020, 0.0980],
         [0.7385, 0.2615],
         [0.8684, 0.1316],
         [0.7475, 0.2525],
         [0.8006, 0.1994],
         [0.8183, 0.1817],
         [0.9287, 0.0713],
         [0.7647, 0.2353],
         [0.8265, 0.1735],
         [0.7698, 0.2302],
         [0.7857, 0.2143],
         [0.8078, 0.1922],
         [0.9120, 0.0880],
         [0.7737, 0.2263],
         [0.8569, 0.1431],
         [0.7762, 0.2238],
         [0.8529, 0.1471],
         [0.8126, 0.1874],
         [0.8528, 0.1472],
         [0.8309, 0.1691],
         [0.8426, 0.1574],
         [0.8128, 0.1872],
         [0.8414, 0.1586],
         [0.8396, 0.1604],
         [0.9144, 0.0856],
         [0.8196, 0.1804],
         [0.8828, 0.1172],
         [0.7948, 0.2052],
         [0.8153, 0.1847],
         [0.8632, 0.1368],
         [0.9678, 0.0322],
         [0.7970, 0.2030],
         [0.9346, 0.0654],
         [0.7818, 0.2182],
         [0.7983, 0.2017],
         [0.8557, 0.1443],
         [0.9642, 0.0358],
         [0.7713, 0.2287],
         [0.9142, 0.0858],
         [0.7593, 0.2407],
         [0.7800, 0.2200],
         [0.8544, 0.1456],
         [0.9710, 0.0290],
         [0.7988, 0.2012],
         [0.9398, 0.0602],
         [0.7548, 0.2452],
         [0.8162, 0.1838],
         [0.9089, 0.0911],
         [0.9755, 0.0245],
         [0.8148, 0.1852],
         [0.9240, 0.0760],
         [0.7889, 0.2111],
         [0.8737, 0.1263],
         [0.8747, 0.1253],
         [0.9683, 0.0317],
         [0.8146, 0.1854],
         [0.9159, 0.0841],
         [0.7639, 0.2361],
         [0.8593, 0.1407],
         [0.8463, 0.1537],
         [0.8959, 0.1041],
         [0.8389, 0.1611],
         [0.8376, 0.1624],
         [0.8022, 0.1978],
         [0.8446, 0.1554],
         [0.8751, 0.1249],
         [0.9187, 0.0813],
         [0.8185, 0.1815],
         [0.8944, 0.1056],
         [0.8298, 0.1702],
         [0.8442, 0.1558],
         [0.8731, 0.1269],
         [0.9464, 0.0536],
         [0.8240, 0.1760],
         [0.9541, 0.0459],
         [0.8153, 0.1847],
         [0.8394, 0.1606],
         [0.9167, 0.0833],
         [0.9603, 0.0397],
         [0.8478, 0.1522],
         [0.9624, 0.0376],
         [0.8167, 0.1833],
         [0.8605, 0.1395],
         [0.9405, 0.0595],
         [0.9692, 0.0308],
         [0.8684, 0.1316],
         [0.9619, 0.0381],
         [0.8419, 0.1581],
         [0.8760, 0.1240],
         [0.9490, 0.0510],
         [0.9763, 0.0237],
         [0.9071, 0.0929],
         [0.9630, 0.0370],
         [0.8572, 0.1428],
         [0.9082, 0.0918],
         [0.9261, 0.0739],
         [0.9782, 0.0218],
         [0.8956, 0.1044],
         [0.9423, 0.0577],
         [0.8078, 0.1922],
         [0.8531, 0.1469],
         [0.8642, 0.1358],
         [0.9084, 0.0916],
         [0.8746, 0.1254],
         [0.9010, 0.0990],
         [0.8035, 0.1965],
         [0.8314, 0.1686],
         [0.8080, 0.1920],
         [0.7861, 0.2139],
         [0.8023, 0.1977],
         [0.7999, 0.2001],
         [0.7917, 0.2083],
         [0.8327, 0.1673],
         [0.8592, 0.1408],
         [0.8218, 0.1782],
         [0.8101, 0.1899],
         [0.8827, 0.1173],
         [0.8130, 0.1870],
         [0.8571, 0.1429],
         [0.9008, 0.0992],
         [0.8668, 0.1332],
         [0.8518, 0.1482],
         [0.8480, 0.1520],
         [0.8311, 0.1689],
         [0.8723, 0.1277],
         [0.9139, 0.0861],
         [0.8675, 0.1325],
         [0.8568, 0.1432],
         [0.8803, 0.1197],
         [0.8710, 0.1290],
         [0.8982, 0.1018],
         [0.9257, 0.0743],
         [0.8952, 0.1048],
         [0.9103, 0.0897],
         [0.8993, 0.1007],
         [0.8874, 0.1126],
         [0.9067, 0.0933],
         [0.9054, 0.0946],
         [0.9069, 0.0931],
         [0.8908, 0.1092],
         [0.8835, 0.1165],
         [0.8858, 0.1142],
         [0.8498, 0.1502],
         [0.8410, 0.1590],
         [0.8494, 0.1506],
         [0.7907, 0.2093],
         [0.8377, 0.1623],
         [0.8453, 0.1547]]], device='cuda:0')
